bsn,Jahrgangsstufe,Klassenart,K,S,SM,SW,N,NM,NW,H,HM,HW
01G01,Jahrgangsstufe 03,Jahrgangsübergreifende Lerngruppe,6,158,58,100,11,4,7,37,18,19
01G01,Jahrgangsstufe 03,Klasse der Staatlichen Europaschule,1,26,12,14,13,7,6,24,10,14
01G01,Jahrgangsstufe 04,Klasse der Staatlichen Europaschule,1,24,10,14,5,1,4,20,10,10
01G01,Jahrgangsstufe 04,Regelklasse,2,50,31,19,2,1,1,12,7,5
01G01,Jahrgangsstufe 05,Klasse der Staatlichen Europaschule,1,20,8,12,2,1,1,18,8,10
01G01,Jahrgangsstufe 05,Regelklasse,2,48,20,28,4,1,3,13,6,7
01G01,Jahrgangsstufe 06,Klasse der Staatlichen Europaschule,1,20,8,12,9,3,6,16,5,11
01G01,Jahrgangsstufe 06,Regelklasse,2,39,16,23,11,5,6,16,8,8
01G01,Schulanfangsphase,Klasse der Staatlichen Europaschule,2,54,27,27,14,9,5,47,27,20
01G02,Jahrgangsstufe 03,Jahrgangsübergreifende Lerngruppe,6,156,82,74,29,13,16,29,13,16
01G02,Jahrgangsstufe 03,Regelklasse,1,25,13,12,8,3,5,8,3,5
01G02,Jahrgangsstufe 04,Regelklasse,3,74,36,38,16,9,7,16,9,7
01G02,Jahrgangsstufe 05,Regelklasse,2,47,24,23,10,4,6,10,4,6
01G02,Jahrgangsstufe 06,Regelklasse,2,49,20,29,15,7,8,15,7,8
01G02,Schulanfangsphase,Jahrgangsbezogene Lerngruppe,1,26,17,9,3,3,0,3,3,0
01G04,Jahrgangsstufe 03,Regelklasse,3,66,37,29,12,5,7,34,19,15
01G04,Jahrgangsstufe 04,Regelklasse,3,70,40,30,9,5,4,22,13,9
01G04,Jahrgangsstufe 05,Regelklasse,2,46,24,22,7,3,4,19,9,10
01G04,Jahrgangsstufe 06,Regelklasse,3,60,32,28,6,3,3,34,17,17
01G04,Schulanfangsphase,Jahrgangsübergreifende Lerngruppe,6,145,79,66,19,9,10,53,26,27
01G05,Jahrgangsstufe 03,Jahrgangsübergreifende Lerngruppe,3,55,24,31,10,4,6,19,7,12
01G05,Jahrgangsstufe 03,Klasse der Staatlichen Europaschule,6,146,70,76,66,28,38,103,49,54
01G05,Jahrgangsstufe 04,Klasse der Staatlichen Europaschule,2,38,12,26,25,8,17,25,10,15
01G05,Jahrgangsstufe 04,Regelklasse,1,21,7,14,7,5,2,14,7,7
01G05,Jahrgangsstufe 05,Klasse der Staatlichen Europaschule,2,40,23,17,31,17,14,32,17,15
01G05,Jahrgangsstufe 05,Regelklasse,1,18,10,8,8,5,3,11,7,4
01G05,Jahrgangsstufe 06,Klasse der Staatlichen Europaschule,2,33,18,15,22,15,7,22,12,10
01G05,Jahrgangsstufe 06,Regelklasse,1,22,8,14,7,3,4,8,4,4
01G07,Jahrgangsstufe 03,Regelklasse,2,53,24,29,18,8,10,41,16,25
01G07,Jahrgangsstufe 04,Regelklasse,3,64,28,36,17,6,11,51,22,29
01G07,Jahrgangsstufe 05,Regelklasse,2,51,29,22,21,11,10,34,19,15
01G07,Jahrgangsstufe 06,Regelklasse,3,69,31,38,22,9,13,55,25,30
01G07,Schulanfangsphase,Jahrgangsübergreifende Lerngruppe,6,141,79,62,48,25,23,113,65,48
01G08,Jahrgangsstufe 03,Klasse der Staatlichen Europaschule,2,45,20,25,15,5,10,34,13,21
01G08,Jahrgangsstufe 03,Regelklasse,2,34,20,14,6,3,3,22,12,10
01G08,Jahrgangsstufe 04,Klasse der Staatlichen Europaschule,2,41,19,22,9,5,4,37,16,21
01G08,Jahrgangsstufe 04,Regelklasse,2,44,21,23,9,6,3,37,20,17
01G08,Jahrgangsstufe 05,Klasse der Staatlichen Europaschule,1,20,11,9,8,3,5,8,3,5
01G08,Jahrgangsstufe 05,Regelklasse,2,36,17,19,10,5,5,29,15,14
01G08,Jahrgangsstufe 06,Klasse der Staatlichen Europaschule,1,20,8,12,8,2,6,15,7,8
01G08,Jahrgangsstufe 06,Regelklasse,2,41,24,17,13,9,4,24,14,10
01G08,Schulanfangsphase,Jahrgangsbezogene Lerngruppe,4,104,51,53,37,17,20,75,35,40
01G08,Schulanfangsphase,Klasse der Staatlichen Europaschule,4,83,42,41,18,8,10,72,33,39
01G10,Jahrgangsstufe 03,Regelklasse,3,70,28,42,11,7,4,49,17,32
01G10,Jahrgangsstufe 04,Regelklasse,3,57,26,31,6,4,2,36,14,22
01G10,Jahrgangsstufe 05,Regelklasse,3,61,35,26,9,5,4,44,25,19
01G10,Jahrgangsstufe 06,Regelklasse,3,50,29,21,9,5,4,38,21,17
01G10,Schulanfangsphase,Jahrgangsbezogene Lerngruppe,6,144,70,74,9,4,5,95,41,54
01G11,Jahrgangsstufe 03,Regelklasse,4,78,33,45,14,6,8,62,26,36
01G11,Jahrgangsstufe 04,Regelklasse,4,79,38,41,13,2,11,63,30,33
01G11,Jahrgangsstufe 05,Regelklasse,4,85,41,44,9,4,5,68,33,35
01G11,Jahrgangsstufe 06,Lerngruppen für Neuzugänge ohne Deutschkenntnisse,1,12,9,3,11,8,3,12,9,3
01G11,Jahrgangsstufe 06,Regelklasse,4,81,40,41,21,9,12,60,28,32
01G11,Schulanfangsphase,Jahrgangsübergreifende Lerngruppe,9,201,109,92,44,21,23,166,82,84
01G15,Jahrgangsstufe 03,Regelklasse,2,55,24,31,7,2,5,36,18,18
01G15,Jahrgangsstufe 04,Regelklasse,3,66,36,30,5,3,2,42,20,22
01G15,Jahrgangsstufe 05,Regelklasse,3,68,28,40,6,1,5,54,24,30
01G15,Jahrgangsstufe 06,Regelklasse,3,62,30,32,11,9,2,47,26,21
01G15,Schulanfangsphase,Jahrgangsübergreifende Lerngruppe,4,102,41,61,14,7,7,74,29,45
01G16,Jahrgangsstufe 03,Regelklasse,4,86,38,48,13,8,5,51,26,25
01G16,Jahrgangsstufe 04,Regelklasse,4,81,51,30,12,8,4,47,28,19
01G16,Jahrgangsstufe 05,Regelklasse,3,71,36,35,6,5,1,44,28,16
01G16,Jahrgangsstufe 06,Regelklasse,3,57,23,34,11,3,8,35,14,21
01G16,Schulanfangsphase,Jahrgangsübergreifende Lerngruppe,8,191,98,93,19,7,12,104,54,50
01G18,Jahrgangsstufe 03,Lerngruppen für Neuzugänge ohne Deutschkenntnisse,1,8,2,6,8,2,6,8,2,6
01G18,Jahrgangsstufe 03,Regelklasse,3,58,23,35,14,7,7,46,18,28
01G18,Jahrgangsstufe 04,Regelklasse,3,62,28,34,13,7,6,51,23,28
01G18,Jahrgangsstufe 04,Sonderpädagogische Kleinklasse,1,10,8,2,5,4,1,8,7,1
01G18,Jahrgangsstufe 05,Regelklasse,3,51,21,30,13,5,8,46,18,28
01G18,Jahrgangsstufe 06,Regelklasse,3,63,33,30,31,15,16,58,31,27
01G18,Schulanfangsphase,Jahrgangsbezogene Lerngruppe,2,45,24,21,11,5,6,36,19,17
01G18,Schulanfangsphase,Jahrgangsübergreifende Lerngruppe,4,92,45,47,29,16,13,84,39,45
01G19,Jahrgangsstufe 03,Regelklasse,2,44,16,28,12,6,6,26,9,17
01G19,Jahrgangsstufe 04,Regelklasse,2,50,19,31,8,4,4,33,13,20
01G19,Jahrgangsstufe 05,Regelklasse,2,42,24,18,6,2,4,20,11,9
01G19,Jahrgangsstufe 06,Regelklasse,2,46,20,26,6,2,4,31,13,18
01G19,Schulanfangsphase,Jahrgangsbezogene Lerngruppe,6,147,82,65,7,6,1,83,45,38
01G24,Jahrgangsstufe 03,Jahrgangsübergreifende Lerngruppe,5,125,69,56,22,15,7,89,49,40
01G24,Jahrgangsstufe 03,Regelklasse,2,47,24,23,7,5,2,39,21,18
01G24,Jahrgangsstufe 04,Regelklasse,3,61,30,31,7,6,1,40,23,17
01G24,Jahrgangsstufe 05,Regelklasse,3,65,38,27,8,6,2,44,26,18
01G24,Jahrgangsstufe 06,Regelklasse,3,66,34,32,16,7,9,45,20,25
01G24,Schulanfangsphase,Jahrgangsbezogene Lerngruppe,3,62,32,30,12,7,5,45,22,23
01G24,Schulanfangsphase,Jahrgangsübergreifende Lerngruppe,2,43,22,21,7,2,5,36,19,17
01G25,Jahrgangsstufe 03,Jahrgangsübergreifende Lerngruppe,2,49,31,18,7,4,3,37,23,14
01G25,Jahrgangsstufe 03,Regelklasse,2,41,20,21,13,7,6,38,18,20
01G25,Jahrgangsstufe 04,Lerngruppen für Neuzugänge ohne Deutschkenntnisse,1,13,8,5,13,8,5,13,8,5
01G25,Jahrgangsstufe 04,Regelklasse,3,52,26,26,12,7,5,49,25,24
01G25,Jahrgangsstufe 05,Regelklasse,2,41,22,19,11,4,7,38,21,17
01G25,Jahrgangsstufe 06,Jahrgangsübergreifende Lerngruppe,2,50,26,24,12,6,6,45,22,23
01G25,Jahrgangsstufe 06,Lerngruppen für Neuzugänge ohne Deutschkenntnisse,1,12,6,6,12,6,6,12,6,6
01G25,Jahrgangsstufe 06,Regelklasse,3,64,35,29,13,10,3,54,31,23
01G25,Schulanfangsphase,Jahrgangsübergreifende Lerngruppe,6,146,84,62,31,23,8,125,72,53
01G27,Jahrgangsstufe 03,Regelklasse,3,73,33,40,9,4,5,70,32,38
01G27,Jahrgangsstufe 04,Regelklasse,3,71,32,39,4,2,2,64,29,35
01G27,Jahrgangsstufe 05,Regelklasse,3,60,36,24,8,8,0,55,34,21
01G27,Jahrgangsstufe 06,Lerngruppen für Neuzugänge ohne Deutschkenntnisse,2,17,14,3,17,14,3,17,14,3
01G27,Jahrgangsstufe 06,Regelklasse,3,69,37,32,15,8,7,63,33,30
01G27,Schulanfangsphase,Jahrgangsbezogene Lerngruppe,10,216,93,123,42,21,21,203,88,115
01G28,Jahrgangsstufe 03,Jahrgangsübergreifende Lerngruppe,12,243,130,113,111,64,47,197,109,88
01G28,Jahrgangsstufe 05,Regelklasse,1,21,9,12,4,2,2,18,7,11
01G28,Jahrgangsstufe 06,Jahrgangsübergreifende Lerngruppe,9,185,89,96,59,33,26,158,79,79
01G29,Jahrgangsstufe 03,Jahrgangsübergreifende Lerngruppe,10,255,111,144,45,14,31,240,102,138
01G29,Jahrgangsstufe 04,Regelklasse,1,23,11,12,6,3,3,23,11,12
01G29,Jahrgangsstufe 05,Regelklasse,1,23,9,14,9,2,7,22,8,14
01G29,Jahrgangsstufe 06,Jahrgangsübergreifende Lerngruppe,6,139,62,77,27,12,15,128,54,74
01G29,Jahrgangsstufe 06,Regelklasse,1,22,10,12,9,2,7,22,10,12
01G31,Jahrgangsstufe 03,Regelklasse,3,62,32,30,20,11,9,59,31,28
01G31,Jahrgangsstufe 03,Sonderpädagogische Kleinklasse,1,11,11,0,0,0,0,8,8,0
01G31,Jahrgangsstufe 04,Regelklasse,3,71,36,35,31,17,14,69,34,35
01G31,Jahrgangsstufe 05,Regelklasse,3,68,33,35,17,8,9,67,33,34
01G31,Jahrgangsstufe 06,Regelklasse,3,66,35,31,28,16,12,63,33,30
01G31,Schulanfangsphase,Jahrgangsübergreifende Lerngruppe,8,164,75,89,63,31,32,157,73,84
01G32,Jahrgangsstufe 03,Jahrgangsübergreifende Lerngruppe,8,194,103,91,55,32,23,160,79,81
01G32,Jahrgangsstufe 04,Regelklasse,3,54,28,26,17,10,7,46,25,21
01G32,Jahrgangsstufe 05,Regelklasse,3,57,31,26,15,9,6,48,27,21
01G32,Jahrgangsstufe 06,Regelklasse,3,57,28,29,17,10,7,45,23,22
01G35,Jahrgangsstufe 03,Regelklasse,3,52,27,25,25,17,8,47,23,24
01G35,Jahrgangsstufe 04,Regelklasse,3,66,34,32,22,11,11,56,30,26
01G35,Jahrgangsstufe 05,Regelklasse,3,58,31,27,24,14,10,52,28,24
01G35,Jahrgangsstufe 06,Regelklasse,3,60,33,27,24,17,7,53,28,25
01G35,Schulanfangsphase,Jahrgangsübergreifende Lerngruppe,6,147,71,76,33,14,19,139,68,71
01G36,Jahrgangsstufe 03,Regelklasse,3,64,26,38,13,5,8,56,23,33
01G36,Jahrgangsstufe 04,Regelklasse,3,57,31,26,11,7,4,52,27,25
01G36,Jahrgangsstufe 05,Regelklasse,3,56,22,34,12,3,9,46,19,27
01G36,Jahrgangsstufe 06,Regelklasse,3,63,32,31,16,7,9,56,29,27
01G36,Schulanfangsphase,Jahrgangsbezogene Lerngruppe,1,23,13,10,5,3,2,21,12,9
01G36,Schulanfangsphase,Jahrgangsübergreifende Lerngruppe,6,141,68,73,30,13,17,131,64,67
01G37,Jahrgangsstufe 03,Regelklasse,4,85,51,34,17,8,9,79,49,30
01G37,Jahrgangsstufe 04,Regelklasse,3,74,42,32,17,11,6,73,41,32
01G37,Jahrgangsstufe 05,Regelklasse,4,84,39,45,11,6,5,78,36,42
01G37,Jahrgangsstufe 06,Lerngruppen für Neuzugänge ohne Deutschkenntnisse,1,10,6,4,10,6,4,10,6,4
01G37,Jahrgangsstufe 06,Regelklasse,3,60,28,32,13,7,6,57,25,32
01G37,Schulanfangsphase,Jahrgangsübergreifende Lerngruppe,8,191,95,96,31,9,22,184,91,93
01G38,Jahrgangsstufe 03,Regelklasse,3,73,32,41,10,6,4,60,23,37
01G38,Jahrgangsstufe 04,Regelklasse,2,55,27,28,5,2,3,54,26,28
01G38,Jahrgangsstufe 05,Regelklasse,2,37,22,15,6,4,2,36,21,15
01G38,Jahrgangsstufe 06,Regelklasse,2,46,24,22,8,4,4,40,19,21
01G38,Schulanfangsphase,Jahrgangsübergreifende Lerngruppe,7,171,85,86,13,3,10,141,72,69
01G39,Jahrgangsstufe 03,Regelklasse,3,72,32,40,17,6,11,67,30,37
01G39,Jahrgangsstufe 04,Regelklasse,3,56,28,28,10,7,3,50,25,25
01G39,Jahrgangsstufe 05,Regelklasse,3,58,34,24,5,4,1,55,32,23
01G39,Jahrgangsstufe 06,Regelklasse,3,62,28,34,10,6,4,57,27,30
01G39,Schulanfangsphase,Jahrgangsbezogene Lerngruppe,1,22,9,13,0,0,0,17,7,10
01G39,Schulanfangsphase,Jahrgangsübergreifende Lerngruppe,7,143,72,71,23,13,10,129,63,66
01G40,Jahrgangsstufe 03,Regelklasse,3,67,38,29,9,6,3,49,29,20
01G40,Jahrgangsstufe 04,Regelklasse,3,67,39,28,9,5,4,45,26,19
01G40,Jahrgangsstufe 05,Regelklasse,4,81,47,34,3,3,0,49,30,19
01G40,Jahrgangsstufe 06,Regelklasse,4,91,34,57,14,5,9,55,21,34
01G40,Schulanfangsphase,Jahrgangsübergreifende Lerngruppe,6,151,76,75,13,7,6,97,45,52
01G41,Jahrgangsstufe 03,Jahrgangsübergreifende Lerngruppe,12,310,139,171,37,21,16,244,112,132
01G41,Jahrgangsstufe 03,Regelklasse,1,22,15,7,7,5,2,20,13,7
01G41,Jahrgangsstufe 04,Regelklasse,4,86,53,33,21,13,8,76,47,29
01G41,Jahrgangsstufe 05,Regelklasse,5,109,43,66,37,16,21,93,39,54
01G41,Jahrgangsstufe 06,Regelklasse,4,84,42,42,20,13,7,70,35,35
01G42,Jahrgangsstufe 03,Jahrgangsübergreifende Lerngruppe,6,142,73,69,21,12,9,111,60,51
01G42,Jahrgangsstufe 03,Regelklasse,4,82,45,37,10,6,4,59,31,28
01G42,Jahrgangsstufe 04,Regelklasse,4,97,45,52,15,8,7,53,24,29
01G42,Jahrgangsstufe 05,Lerngruppen für Neuzugänge ohne Deutschkenntnisse,1,10,5,5,10,5,5,10,5,5
01G42,Jahrgangsstufe 05,Regelklasse,4,85,39,46,17,6,11,59,21,38
01G42,Jahrgangsstufe 06,Jahrgangsübergreifende Lerngruppe,1,10,4,6,1,0,1,5,2,3
01G42,Jahrgangsstufe 06,Regelklasse,4,86,42,44,15,8,7,58,30,28
01G42,Schulanfangsphase,Jahrgangsbezogene Lerngruppe,4,91,50,41,7,4,3,53,32,21
01G42,Schulanfangsphase,Jahrgangsübergreifende Lerngruppe,4,86,43,43,15,8,7,74,37,37
01G42,Schulanfangsphase,Lerngruppen für Neuzugänge ohne Deutschkenntnisse,1,11,5,6,11,5,6,11,5,6
01G43,Jahrgangsstufe 03,Regelklasse,2,45,22,23,16,10,6,34,17,17
01G43,Jahrgangsstufe 04,Regelklasse,3,59,37,22,20,10,10,50,33,17
01G43,Jahrgangsstufe 05,Regelklasse,2,46,24,22,12,9,3,41,23,18
01G43,Jahrgangsstufe 06,Regelklasse,3,65,40,25,32,19,13,52,31,21
01G43,Schulanfangsphase,Jahrgangsbezogene Lerngruppe,8,167,91,76,70,43,27,140,81,59
01G44,Jahrgangsstufe 03,Jahrgangsübergreifende Lerngruppe,8,169,82,87,42,19,23,150,76,74
01G44,Jahrgangsstufe 04,Lerngruppen für Neuzugänge ohne Deutschkenntnisse,1,8,4,4,8,4,4,8,4,4
01G44,Jahrgangsstufe 04,Regelklasse,2,40,20,20,9,3,6,35,16,19
01G44,Jahrgangsstufe 05,Lerngruppen für Neuzugänge ohne Deutschkenntnisse,1,6,1,5,6,1,5,6,1,5
01G44,Jahrgangsstufe 05,Regelklasse,3,52,29,23,20,8,12,47,24,23
01G44,Jahrgangsstufe 06,Lerngruppen für Neuzugänge ohne Deutschkenntnisse,1,8,3,5,8,3,5,8,3,5
01G44,Jahrgangsstufe 06,Regelklasse,3,53,29,24,15,9,6,46,26,20
01G45,Jahrgangsstufe 03,Jahrgangsübergreifende Lerngruppe,12,282,149,133,65,25,40,250,130,120
01G45,Jahrgangsstufe 04,Jahrgangsübergreifende Lerngruppe,1,24,10,14,4,1,3,23,10,13
01G45,Jahrgangsstufe 04,Regelklasse,4,87,44,43,22,8,14,76,37,39
01G45,Jahrgangsstufe 05,Regelklasse,4,81,35,46,23,9,14,67,32,35
01G45,Jahrgangsstufe 06,Regelklasse,4,90,47,43,26,14,12,78,39,39
01G46,Jahrgangsstufe 03,Regelklasse,3,80,43,37,6,4,2,26,15,11
01G46,Jahrgangsstufe 04,Regelklasse,3,67,37,30,10,5,5,25,13,12
01G46,Jahrgangsstufe 05,Regelklasse,2,34,20,14,2,1,1,17,9,8
01G46,Schulanfangsphase,Jahrgangsbezogene Lerngruppe,9,198,89,109,20,10,10,89,41,48
01G47,Jahrgangsstufe 03,Jahrgangsübergreifende Lerngruppe,7,157,83,74,19,9,10,109,59,50
01G47,Jahrgangsstufe 03,Regelklasse,1,21,13,8,1,1,0,17,10,7
01G47,Jahrgangsstufe 04,Regelklasse,3,66,33,33,12,6,6,45,23,22
01G47,Jahrgangsstufe 04,Sonderpädagogische Kleinklasse,1,10,10,0,3,3,0,8,8,0
01G47,Jahrgangsstufe 05,Regelklasse,3,57,31,26,20,12,8,44,25,19
01G47,Jahrgangsstufe 06,Regelklasse,3,58,29,29,14,7,7,45,19,26
01G47,Jahrgangsstufe 06,Sonderpädagogische Kleinklasse,1,10,10,0,3,3,0,5,5,0
01G47,Schulanfangsphase,Jahrgangsübergreifende Lerngruppe,2,42,24,18,1,1,0,37,20,17
01G47,Schulanfangsphase,Sonderpädagogische Kleinklasse,1,10,10,0,3,3,0,3,3,0
01K01,Jahrgangsstufe 07,Regelklasse,4,91,55,36,41,24,17,87,52,35
01K01,Jahrgangsstufe 08,Regelklasse,7,163,90,73,81,44,37,141,75,66
01K01,Jahrgangsstufe 09,Regelklasse,7,172,86,86,96,45,51,157,78,79
01K01,Jahrgangsstufe 10,Regelklasse,3,78,32,46,37,13,24,73,30,43
01K02,Jahrgangsstufe 07,Regelklasse,3,73,38,35,31,16,15,60,31,29
01K02,Jahrgangsstufe 08,Regelklasse,8,161,88,73,70,40,30,138,78,60
01K02,Jahrgangsstufe 09,Praxislerngruppe,1,10,8,2,4,4,0,10,8,2
01K02,Jahrgangsstufe 09,Produktives Lernen,1,18,12,6,7,4,3,16,10,6
01K02,Jahrgangsstufe 09,Regelklasse,6,135,76,59,72,35,37,113,61,52
01K02,Jahrgangsstufe 10,Produktives Lernen,1,18,12,6,7,6,1,16,12,4
01K02,Jahrgangsstufe 10,Regelklasse,4,101,51,50,36,17,19,84,42,42
01K03,1. Kurshalbjahr,Regelklasse (Kurshalbjahre),0,64,24,40,21,8,13,55,20,35
01K03,3. Kurshalbjahr,Regelklasse (Kurshalbjahre),0,70,32,38,28,15,13,58,27,31
01K03,E-Phase,Regelklasse,3,78,35,43,29,15,14,69,33,36
01K03,Jahrgangsstufe 07,Regelklasse,6,143,75,68,33,21,12,121,67,54
01K03,Jahrgangsstufe 08,Regelklasse,11,272,147,125,116,58,58,245,131,114
01K03,Jahrgangsstufe 09,Regelklasse,9,224,118,106,98,45,53,205,106,99
01K03,Jahrgangsstufe 10,Regelklasse,6,158,82,76,76,41,35,136,70,66
01K04,Jahrgangsstufe 07,Regelklasse,4,104,54,50,24,12,12,38,19,19
01K04,Jahrgangsstufe 08,Regelklasse,4,106,59,47,16,6,10,45,26,19
01K04,Jahrgangsstufe 09,Lerngruppen für Neuzugänge ohne Deutschkenntnisse,1,13,7,6,13,7,6,13,7,6
01K04,Jahrgangsstufe 09,Regelklasse,4,104,58,46,26,16,10,45,25,20
01K04,Jahrgangsstufe 10,Regelklasse,4,104,59,45,27,16,11,50,28,22
01K05,Jahrgangsstufe 03,Regelklasse,3,56,29,27,7,4,3,46,22,24
01K05,Jahrgangsstufe 04,Regelklasse,2,42,26,16,12,9,3,39,24,15
01K05,Jahrgangsstufe 05,Regelklasse,2,41,26,15,9,4,5,31,22,9
01K05,Jahrgangsstufe 06,Regelklasse,2,33,21,12,10,6,4,28,19,9
01K05,Jahrgangsstufe 07,Regelklasse,4,100,57,43,19,15,4,74,47,27
01K05,Jahrgangsstufe 08,Regelklasse,4,85,37,48,26,9,17,63,29,34
01K05,Jahrgangsstufe 09,Regelklasse,3,74,38,36,29,14,15,61,30,31
01K05,Jahrgangsstufe 10,Regelklasse,4,92,48,44,38,15,23,76,38,38
01K05,Schulanfangsphase,Jahrgangsübergreifende Lerngruppe,5,120,65,55,14,9,5,82,46,36
01K06,Jahrgangsstufe 07,Regelklasse,6,153,67,86,66,25,41,146,63,83
01K06,Jahrgangsstufe 08,Regelklasse,4,106,53,53,35,24,11,102,52,50
01K06,Jahrgangsstufe 09,Lerngruppen für Neuzugänge ohne Deutschkenntnisse,5,51,25,26,51,25,26,51,25,26
01K06,Jahrgangsstufe 09,Produktives Lernen,3,37,19,18,8,4,4,13,5,8
01K06,Jahrgangsstufe 09,Regelklasse,4,104,46,58,51,25,26,96,44,52
01K06,Jahrgangsstufe 10,Produktives Lernen,1,14,5,9,4,1,3,4,1,3
01K06,Jahrgangsstufe 10,Regelklasse,2,35,13,22,21,11,10,28,13,15
01K06,Jahrgangsstufe 10,Regelklasse,3,84,38,46,37,16,21,84,38,46
01K07,Jahrgangsstufe 07,Regelklasse,3,78,41,37,16,9,7,58,27,31
01K07,Jahrgangsstufe 08,Regelklasse,5,129,67,62,39,17,22,109,58,51
01K07,Jahrgangsstufe 09,Lerngruppen für Neuzugänge ohne Deutschkenntnisse,1,12,7,5,12,7,5,12,7,5
01K07,Jahrgangsstufe 09,Regelklasse,5,120,61,59,47,21,26,100,47,53
01K07,Jahrgangsstufe 10,Regelklasse,5,143,73,70,52,21,31,115,55,60
01K08,Jahrgangsstufe 07,Regelklasse,3,72,38,34,18,9,9,58,34,24
01K08,Jahrgangsstufe 08,Regelklasse,6,123,81,42,56,38,18,100,68,32
01K08,Jahrgangsstufe 09,Lerngruppen für Neuzugänge ohne Deutschkenntnisse,3,29,17,12,29,17,12,29,17,12
01K08,Jahrgangsstufe 09,Produktives Lernen,1,21,17,4,4,3,1,11,10,1
01K08,Jahrgangsstufe 09,Regelklasse,6,132,76,56,61,35,26,116,69,47
01K08,Jahrgangsstufe 10,Produktives Lernen,1,29,8,21,7,1,6,17,3,14
01K08,Jahrgangsstufe 10,Regelklasse,6,123,67,56,70,42,28,110,61,49
01K08,Jahrgangsstufe 10,Regelklasse,3,73,37,36,44,22,22,67,34,33
01K09,Jahrgangsstufe 07,Regelklasse,4,87,56,31,42,30,12,76,49,27
01K09,Jahrgangsstufe 08,Regelklasse,6,143,87,56,68,44,24,116,73,43
01K09,Jahrgangsstufe 09,Regelklasse,4,104,59,45,47,27,20,99,56,43
01K09,Jahrgangsstufe 10,Klasse der Staatlichen Europaschule,1,29,10,19,21,9,12,28,10,18
01K09,Jahrgangsstufe 10,Regelklasse,1,26,13,13,25,12,13,25,12,13
01K09,Jahrgangsstufe 10,Regelklasse,1,25,11,14,9,3,6,25,11,14
01P01,Jahrgangsstufe 03,Jahrgangsübergreifende Lerngruppe,6,144,71,73,1,0,1,2,1,1
01P01,Jahrgangsstufe 06,Jahrgangsübergreifende Lerngruppe,6,145,69,76,2,2,0,4,3,1
01P03,1. Kurshalbjahr,Regelklasse (Kurshalbjahre),0,60,33,27,3,2,1,8,3,5
01P03,3. Kurshalbjahr,Regelklasse (Kurshalbjahre),0,54,29,25,17,9,8,22,16,6
01P03,Jahrgangsstufe 05,Regelklasse,1,19,11,8,3,0,3,4,0,4
01P03,Jahrgangsstufe 06,Regelklasse,1,20,12,8,4,3,1,2,2,0
01P03,Jahrgangsstufe 07,Regelklasse,3,63,30,33,11,5,6,31,10,21
01P03,Jahrgangsstufe 08,Regelklasse,3,66,35,31,18,9,9,36,16,20
01P03,Jahrgangsstufe 09,Regelklasse,3,66,35,31,13,6,7,24,12,12
01P03,Jahrgangsstufe 10,Regelklasse,3,59,38,21,15,11,4,21,15,6
01P03,Jahrgangsstufe 10,Regelklasse,1,13,11,2,0,0,0,11,9,2
01P04,Jahrgangsstufe 03,Regelklasse,1,31,16,15,1,0,1,0,0,0
01P04,Jahrgangsstufe 04,Regelklasse,1,32,13,19,0,0,0,0,0,0
01P04,Jahrgangsstufe 05,Regelklasse,1,30,17,13,2,2,0,0,0,0
01P04,Jahrgangsstufe 06,Regelklasse,1,32,13,19,0,0,0,0,0,0
01P04,Jahrgangsstufe 07,Regelklasse,1,31,17,14,1,0,1,0,0,0
01P04,Jahrgangsstufe 08,Regelklasse,1,32,15,17,6,5,1,0,0,0
01P04,Jahrgangsstufe 09,Regelklasse,1,32,15,17,0,0,0,0,0,0
01P04,Jahrgangsstufe 10,Regelklasse,1,30,13,17,0,0,0,0,0,0
01P04,Jahrgangsstufe 11,Regelklasse,1,31,14,17,0,0,0,0,0,0
01P04,Jahrgangsstufe 12,Regelklasse,1,26,13,13,2,0,2,0,0,0
01P04,Jahrgangsstufe 13,Regelklasse,1,25,7,18,1,0,1,0,0,0
01P04,Schulanfangsphase,Jahrgangsbezogene Lerngruppe,3,77,35,42,1,1,0,0,0,0
01P05,Jahrgangsstufe 03,Regelklasse,3,79,45,34,19,11,8,50,31,19
01P05,Jahrgangsstufe 04,Regelklasse,2,56,33,23,6,3,3,37,23,14
01P05,Jahrgangsstufe 05,Regelklasse,2,46,23,23,12,4,8,33,16,17
01P05,Jahrgangsstufe 06,Regelklasse,2,54,30,24,4,4,0,38,22,16
01P05,Schulanfangsphase,Jahrgangsbezogene Lerngruppe,5,138,52,86,24,12,12,94,38,56
01P06,1. Kurshalbjahr,Regelklasse (Kurshalbjahre),0,91,50,41,11,4,7,1,0,1
01P06,3. Kurshalbjahr,Regelklasse (Kurshalbjahre),0,107,50,57,8,4,4,4,1,3
01P06,Jahrgangsstufe 05,Regelklasse,4,118,56,62,23,10,13,32,14,18
01P06,Jahrgangsstufe 06,Regelklasse,4,119,55,64,19,4,15,8,2,6
01P06,Jahrgangsstufe 07,Regelklasse,3,89,45,44,11,6,5,3,1,2
01P06,Jahrgangsstufe 08,Regelklasse,3,91,48,43,10,7,3,15,8,7
01P06,Jahrgangsstufe 09,Regelklasse,3,85,39,46,5,2,3,9,4,5
01P06,Jahrgangsstufe 10,Regelklasse,3,91,42,49,5,0,5,6,1,5
01P13,Jahrgangsstufe 03,Jahrgangsübergreifende Lerngruppe,1,33,16,17,0,0,0,0,0,0
01P13,Jahrgangsstufe 06,Jahrgangsübergreifende Lerngruppe,1,30,13,17,0,0,0,0,0,0
01P16,Jahrgangsstufe 03,Regelklasse,4,82,37,45,34,17,17,18,10,8
01P16,Jahrgangsstufe 04,Regelklasse,3,67,32,35,24,11,13,19,9,10
01P16,Jahrgangsstufe 05,Regelklasse,2,37,20,17,15,6,9,10,5,5
01P16,Jahrgangsstufe 06,Regelklasse,2,43,20,23,17,8,9,12,6,6
01P16,Jahrgangsstufe 07,Regelklasse,2,40,23,17,15,9,6,9,5,4
01P16,Jahrgangsstufe 08,Regelklasse,2,37,25,12,18,11,7,14,9,5
01P16,Jahrgangsstufe 09,Regelklasse,1,41,19,22,14,8,6,13,8,5
01P16,Schulanfangsphase,Jahrgangsbezogene Lerngruppe,8,171,91,80,72,35,37,54,29,25
01P18,1. Kurshalbjahr,Regelklasse (Kurshalbjahre),0,24,11,13,3,1,2,3,0,3
01P18,3. Kurshalbjahr,Regelklasse (Kurshalbjahre),0,12,10,2,0,0,0,0,0,0
01P18,Jahrgangsstufe 03,Regelklasse,3,54,23,31,0,0,0,5,3,2
01P18,Jahrgangsstufe 04,Regelklasse,3,49,26,23,3,0,3,7,2,5
01P18,Jahrgangsstufe 05,Regelklasse,2,35,18,17,1,1,0,3,3,0
01P18,Jahrgangsstufe 06,Regelklasse,2,42,20,22,2,2,0,4,3,1
01P18,Jahrgangsstufe 07,Regelklasse,2,30,15,15,6,2,4,11,5,6
01P18,Jahrgangsstufe 08,Regelklasse,2,31,23,8,7,4,3,6,3,3
01P18,Jahrgangsstufe 09,Regelklasse,1,19,14,5,2,1,1,4,1,3
01P18,Jahrgangsstufe 10,Regelklasse,2,40,23,17,4,1,3,4,1,3
01P18,Schulanfangsphase,Jahrgangsbezogene Lerngruppe,5,103,59,44,10,8,2,23,10,13
01P22,Jahrgangsstufe 03,Regelklasse,2,38,21,17,6,4,2,8,5,3
01P22,Jahrgangsstufe 04,Regelklasse,2,36,21,15,12,6,6,16,8,8
01P22,Jahrgangsstufe 05,Regelklasse,2,39,17,22,5,3,2,14,9,5
01P22,Jahrgangsstufe 06,Regelklasse,1,16,6,10,3,1,2,7,4,3
01P22,Jahrgangsstufe 07,Regelklasse,1,10,6,4,1,1,0,5,3,2
01P22,Jahrgangsstufe 08,Regelklasse,1,17,6,11,7,4,3,8,5,3
01P22,Jahrgangsstufe 09,Regelklasse,1,16,12,4,6,5,1,7,5,2
01P22,Jahrgangsstufe 10,Regelklasse,1,10,7,3,7,4,3,7,4,3
01P22,Schulanfangsphase,Jahrgangsbezogene Lerngruppe,4,81,28,53,24,14,10,32,16,16
01P23,1. Kurshalbjahr,Regelklasse (Kurshalbjahre),0,48,25,23,0,0,0,0,0,0
01P23,E-Phase,Regelklasse,1,65,29,36,0,0,0,0,0,0
01P23,Jahrgangsstufe 09,Regelklasse,9,234,112,122,0,0,0,0,0,0
01P23,Jahrgangsstufe 10,Regelklasse,3,84,43,41,0,0,0,0,0,0
01P25,Jahrgangsstufe 03,Regelklasse,1,16,11,5,4,3,1,14,10,4
01P25,Jahrgangsstufe 04,Regelklasse,1,14,5,9,4,2,2,12,4,8
01P25,Jahrgangsstufe 05,Regelklasse,1,11,7,4,4,2,2,8,5,3
01P25,Jahrgangsstufe 06,Regelklasse,1,7,2,5,7,2,5,7,2,5
01P25,Schulanfangsphase,Jahrgangsbezogene Lerngruppe,4,57,30,27,23,14,9,54,28,26
01S01,Jahrgangsstufe 04,Jahrgangsübergreifende Lerngruppe,1,10,9,1,1,1,0,5,4,1
01S01,Jahrgangsstufe 05,Jahrgangsübergreifende Lerngruppe,1,11,5,6,3,2,1,7,3,4
01S01,Jahrgangsstufe 06,Regelklasse,1,11,8,3,3,3,0,3,3,0
01S01,Jahrgangsstufe 07,Regelklasse,2,20,15,5,4,2,2,18,13,5
01S01,Jahrgangsstufe 08,Regelklasse,3,39,24,15,11,8,3,22,14,8
01S01,Jahrgangsstufe 09,Regelklasse,2,28,17,11,6,4,2,16,12,4
01S01,Jahrgangsstufe 10,Regelklasse,1,14,9,5,6,3,3,9,5,4
01S03,Jahrgangsstufe 05,Jahrgangsübergreifende Lerngruppe,1,13,8,5,4,2,2,8,4,4
01S03,Jahrgangsstufe 06,Regelklasse,1,14,8,6,8,4,4,10,5,5
01S03,Jahrgangsstufe 07,Regelklasse,2,24,9,15,14,5,9,16,7,9
01S03,Jahrgangsstufe 08,Lerngruppen für Neuzugänge ohne Deutschkenntnisse,1,12,5,7,12,5,7,12,5,7
01S03,Jahrgangsstufe 08,Regelklasse,3,28,20,8,24,16,8,28,20,8
01S03,Jahrgangsstufe 09,Regelklasse,2,24,18,6,22,18,4,22,18,4
01S03,Jahrgangsstufe 10,Regelklasse,3,38,20,18,22,12,10,26,14,12
01S05,Jahrgangsstufe 03,Regelklasse,2,20,14,6,2,1,1,8,6,2
01S05,Jahrgangsstufe 04,Regelklasse,2,19,15,4,0,0,0,5,4,1
01S05,Jahrgangsstufe 05,Regelklasse,2,28,18,10,2,1,1,13,8,5
01S05,Jahrgangsstufe 06,Regelklasse,2,18,10,8,2,2,0,8,5,3
01S05,Jahrgangsstufe 07,Regelklasse,2,24,16,8,2,1,1,9,5,4
01S05,Jahrgangsstufe 08,Regelklasse,2,25,14,11,2,2,0,10,6,4
01S05,Jahrgangsstufe 09,Regelklasse,2,40,20,20,2,1,1,13,7,6
01S05,Jahrgangsstufe 10,Regelklasse,2,40,15,25,0,0,0,10,5,5
01S05,Jahrgangsstufe 11,Regelklasse,1,16,6,10,0,0,0,2,1,1
01S05,Jahrgangsstufe 12,Regelklasse,1,3,1,2,0,0,0,1,1,0
01S05,Jahrgangsstufe 13,Regelklasse,1,3,2,1,0,0,0,0,0,0
01S05,Schulanfangsphase,Jahrgangsbezogene Lerngruppe,1,2,1,1,0,0,0,1,1,0
01S05,Schulanfangsphase,Jahrgangsübergreifende Lerngruppe,1,48,30,18,3,2,1,15,10,5
01S06,Jahrgangsstufe 03,Regelklasse,1,10,6,4,5,2,3,7,3,4
01S06,Jahrgangsstufe 04,Regelklasse,2,28,21,7,9,8,1,21,18,3
01S06,Jahrgangsstufe 05,Regelklasse,2,21,16,5,15,11,4,15,11,4
01S06,Jahrgangsstufe 06,Regelklasse,1,9,8,1,3,2,1,2,2,0
01S06,Jahrgangsstufe 09,Regelklasse,1,10,7,3,1,1,0,6,4,2
01S06,Jahrgangsstufe 10,Regelklasse,1,10,6,4,0,0,0,6,4,2
01S06,Schulanfangsphase,Jahrgangsbezogene Lerngruppe,3,34,27,7,13,12,1,30,25,5
01S06,Schulanfangsphase,Jahrgangsübergreifende Lerngruppe,3,34,25,9,8,1,7,31,23,8
01S07,Eingangsstufe,Regelklasse,2,10,8,2,0,0,0,9,7,2
01S07,Mittelstufe,Regelklasse,3,15,12,3,1,1,0,13,11,2
01S07,Unterstufe,Regelklasse,6,35,21,14,1,1,0,29,19,10
01Y02,1. Kurshalbjahr,Regelklasse (Kurshalbjahre),0,146,53,93,12,6,6,12,6,6
01Y02,3. Kurshalbjahr,Regelklasse (Kurshalbjahre),0,130,59,71,9,6,3,16,8,8
01Y02,Jahrgangsstufe 07,Regelklasse,4,130,61,69,7,5,2,28,13,15
01Y02,Jahrgangsstufe 08,Regelklasse,4,126,62,64,10,4,6,7,3,4
01Y02,Jahrgangsstufe 09,Regelklasse,4,127,52,75,6,4,2,6,4,2
01Y02,Jahrgangsstufe 10,Regelklasse,4,131,56,75,10,2,8,23,7,16
01Y04,1. Kurshalbjahr,Regelklasse (Kurshalbjahre),0,16,8,8,3,2,1,2,2,0
01Y04,3. Kurshalbjahr,Regelklasse (Kurshalbjahre),0,17,8,9,0,0,0,1,1,0
01Y04,E-Phase,Regelklasse,1,19,9,10,2,1,1,3,1,2
01Y04,Jahrgangsstufe 05,Regelklasse,1,9,2,7,0,0,0,0,0,0
01Y04,Jahrgangsstufe 06,Regelklasse,1,10,6,4,1,1,0,2,2,0
01Y04,Jahrgangsstufe 07,Regelklasse,1,17,9,8,3,1,2,3,1,2
01Y04,Jahrgangsstufe 08,Regelklasse,1,17,10,7,0,0,0,0,0,0
01Y04,Jahrgangsstufe 09,Regelklasse,1,17,5,12,5,0,5,8,1,7
01Y04,Jahrgangsstufe 10,Regelklasse,1,19,7,12,3,1,2,3,1,2
01Y07,1. Kurshalbjahr,Regelklasse (Kurshalbjahre),0,96,40,56,48,21,27,24,10,14
01Y07,3. Kurshalbjahr,Regelklasse (Kurshalbjahre),0,69,21,48,24,6,18,13,3,10
01Y07,Jahrgangsstufe 05,Regelklasse,3,60,25,35,9,5,4,5,4,1
01Y07,Jahrgangsstufe 06,Regelklasse,3,63,29,34,11,1,10,0,0,0
01Y07,Jahrgangsstufe 07,Regelklasse,5,136,75,61,49,32,17,83,53,30
01Y07,Jahrgangsstufe 08,Regelklasse,5,140,67,73,56,29,27,92,49,43
01Y07,Jahrgangsstufe 09,Regelklasse,5,143,75,68,62,34,28,96,50,46
01Y07,Jahrgangsstufe 10,Regelklasse,5,127,60,67,40,22,18,85,46,39
01Y08,1. Kurshalbjahr,Regelklasse (Kurshalbjahre),0,111,64,47,32,20,12,91,51,40
01Y08,3. Kurshalbjahr,Regelklasse (Kurshalbjahre),0,115,63,52,42,19,23,85,46,39
01Y08,Jahrgangsstufe 05,"Klasse ""achtjähriges Gymnasium""",1,20,10,10,5,3,2,14,7,7
01Y08,Jahrgangsstufe 06,"Klasse ""achtjähriges Gymnasium""",1,25,13,12,2,2,0,12,6,6
01Y08,Jahrgangsstufe 07,"Klasse ""achtjähriges Gymnasium""",2,50,34,16,5,4,1,37,25,12
01Y08,Jahrgangsstufe 07,Regelklasse,3,93,38,55,9,2,7,61,26,35
01Y08,Jahrgangsstufe 08,Regelklasse,3,93,40,53,35,16,19,77,32,45
01Y08,Jahrgangsstufe 09,"Klasse ""achtjähriges Gymnasium""",2,56,29,27,16,9,7,36,24,12
01Y08,Jahrgangsstufe 09,Regelklasse,2,66,32,34,21,9,12,49,22,27
01Y08,Jahrgangsstufe 10,"Klasse ""achtjähriges Gymnasium""",2,49,22,27,9,5,4,31,14,17
01Y08,Jahrgangsstufe 10,Regelklasse,2,56,29,27,11,5,6,47,27,20
01Y09,1. Kurshalbjahr,Regelklasse (Kurshalbjahre),0,89,42,47,39,19,20,77,38,39
01Y09,3. Kurshalbjahr,Regelklasse (Kurshalbjahre),0,76,39,37,36,15,21,70,35,35
01Y09,Jahrgangsstufe 07,Regelklasse,5,121,58,63,24,9,15,109,54,55
01Y09,Jahrgangsstufe 08,Regelklasse,5,136,54,82,62,23,39,125,50,75
01Y09,Jahrgangsstufe 09,Regelklasse,4,113,55,58,49,25,24,94,45,49
01Y09,Jahrgangsstufe 10,Regelklasse,4,97,45,52,50,21,29,88,41,47
01Y10,1. Kurshalbjahr,Regelklasse (Kurshalbjahre),0,91,41,50,23,10,13,45,19,26
01Y10,3. Kurshalbjahr,Regelklasse (Kurshalbjahre),0,114,44,70,25,8,17,78,27,51
01Y10,E-Phase,Gymnasiale Oberstufe gem. § 5 VO-GO,4,112,59,53,41,20,21,85,41,44
01Y11,1. Kurshalbjahr,Regelklasse (Kurshalbjahre),0,86,31,55,29,11,18,52,18,34
01Y11,3. Kurshalbjahr,Regelklasse (Kurshalbjahre),0,95,48,47,28,10,18,52,23,29
01Y11,Jahrgangsstufe 07,Regelklasse,5,126,79,47,28,15,13,94,58,36
01Y11,Jahrgangsstufe 08,Regelklasse,6,150,74,76,47,21,26,99,48,51
01Y11,Jahrgangsstufe 09,Regelklasse,4,113,60,53,32,17,15,86,48,38
01Y11,Jahrgangsstufe 10,Lerngruppen für Neuzugänge ohne Deutschkenntnisse,1,18,10,8,15,8,7,18,10,8
01Y11,Jahrgangsstufe 10,Regelklasse,5,128,53,75,42,13,29,83,30,53
01Y12,1. Kurshalbjahr,Regelklasse (Kurshalbjahre),0,142,66,76,38,11,27,88,40,48
01Y12,3. Kurshalbjahr,Regelklasse (Kurshalbjahre),0,182,89,93,52,28,24,104,54,50
01Y12,Jahrgangsstufe 07,Regelklasse,5,149,63,86,26,11,15,90,40,50
01Y12,Jahrgangsstufe 08,Regelklasse,9,245,115,130,81,38,43,170,77,93
01Y12,Jahrgangsstufe 09,Regelklasse,7,205,86,119,64,25,39,129,55,74
01Y12,Jahrgangsstufe 10,Regelklasse,6,156,65,91,51,22,29,106,44,62
02G01,Jahrgangsstufe 03,Regelklasse,3,66,31,35,11,6,5,31,15,16
02G01,Jahrgangsstufe 04,Regelklasse,3,64,33,31,11,7,4,28,15,13
02G01,Jahrgangsstufe 05,Regelklasse,2,48,24,24,6,4,2,17,11,6
02G01,Jahrgangsstufe 06,Regelklasse,2,53,30,23,6,4,2,24,18,6
02G01,Schulanfangsphase,Jahrgangsbezogene Lerngruppe,8,186,92,94,48,22,26,81,36,45
02G02,Jahrgangsstufe 03,Klasse der Staatlichen Europaschule,2,53,17,36,15,3,12,42,11,31
02G02,Jahrgangsstufe 03,Regelklasse,2,47,20,27,6,2,4,17,5,12
02G02,Jahrgangsstufe 04,Klasse der Staatlichen Europaschule,2,48,22,26,13,8,5,33,14,19
02G02,Jahrgangsstufe 04,Regelklasse,2,39,23,16,8,6,2,19,12,7
02G02,Jahrgangsstufe 05,Klasse der Staatlichen Europaschule,2,41,19,22,13,7,6,30,15,15
02G02,Jahrgangsstufe 05,Regelklasse,2,37,15,22,4,1,3,15,7,8
02G02,Jahrgangsstufe 06,Klasse der Staatlichen Europaschule,1,23,17,6,5,2,3,18,13,5
02G02,Jahrgangsstufe 06,Regelklasse,2,39,21,18,1,0,1,11,5,6
02G02,Schulanfangsphase,Jahrgangsübergreifende Lerngruppe,4,104,63,41,15,12,3,35,24,11
02G02,Schulanfangsphase,Klasse der Staatlichen Europaschule,4,103,46,57,27,12,15,74,36,38
02G03,Jahrgangsstufe 03,Regelklasse,4,102,55,47,3,2,1,17,11,6
02G03,Jahrgangsstufe 04,Regelklasse,3,63,31,32,3,1,2,6,2,4
02G03,Jahrgangsstufe 05,Regelklasse,3,72,27,45,8,5,3,7,3,4
02G03,Jahrgangsstufe 06,Regelklasse,3,53,31,22,6,4,2,9,8,1
02G03,Schulanfangsphase,Jahrgangsbezogene Lerngruppe,2,41,25,16,2,1,1,8,3,5
02G03,Schulanfangsphase,Jahrgangsübergreifende Lerngruppe,7,167,79,88,9,5,4,25,8,17
02G04,Jahrgangsstufe 03,Jahrgangsübergreifende Lerngruppe,9,231,126,105,11,7,4,27,18,9
02G04,Jahrgangsstufe 06,Jahrgangsübergreifende Lerngruppe,9,221,111,110,0,0,0,6,3,3
02G05,Jahrgangsstufe 03,Regelklasse,2,50,21,29,10,3,7,31,14,17
02G05,Jahrgangsstufe 04,Regelklasse,2,39,18,21,6,4,2,28,13,15
02G05,Jahrgangsstufe 05,Regelklasse,2,40,15,25,8,2,6,25,9,16
02G05,Jahrgangsstufe 06,Regelklasse,2,36,19,17,10,3,7,26,12,14
02G05,Schulanfangsphase,Jahrgangsbezogene Lerngruppe,2,36,22,14,7,4,3,22,15,7
02G05,Schulanfangsphase,Jahrgangsübergreifende Lerngruppe,4,83,43,40,16,8,8,53,27,26
02G07,Jahrgangsstufe 03,Regelklasse,2,54,26,28,6,1,5,10,3,7
02G07,Jahrgangsstufe 04,Regelklasse,2,48,32,16,2,2,0,7,5,2
02G07,Jahrgangsstufe 05,Regelklasse,2,46,34,12,0,0,0,8,7,1
02G07,Jahrgangsstufe 06,Regelklasse,2,40,23,17,6,3,3,15,9,6
02G07,Schulanfangsphase,Jahrgangsbezogene Lerngruppe,6,152,70,82,5,3,2,39,17,22
02G08,Jahrgangsstufe 03,Regelklasse,2,46,26,20,8,6,2,20,13,7
02G08,Jahrgangsstufe 04,Regelklasse,3,71,35,36,8,5,3,31,17,14
02G08,Jahrgangsstufe 05,Regelklasse,3,65,26,39,6,0,6,31,10,21
02G08,Jahrgangsstufe 06,Regelklasse,3,66,37,29,12,6,6,38,20,18
02G08,Schulanfangsphase,Jahrgangsbezogene Lerngruppe,4,92,44,48,6,4,2,33,16,17
02G09,Jahrgangsstufe 03,Regelklasse,3,71,39,32,3,3,0,5,3,2
02G09,Jahrgangsstufe 04,Regelklasse,3,70,41,29,5,2,3,5,1,4
02G09,Jahrgangsstufe 05,Regelklasse,2,51,23,28,1,0,1,3,2,1
02G09,Jahrgangsstufe 06,Regelklasse,3,63,31,32,3,1,2,10,6,4
02G09,Schulanfangsphase,Jahrgangsübergreifende Lerngruppe,6,151,81,70,1,1,0,18,13,5
02G10,Jahrgangsstufe 03,Regelklasse,3,67,41,26,3,3,0,11,10,1
02G10,Jahrgangsstufe 04,Regelklasse,3,71,34,37,1,0,1,12,6,6
02G10,Jahrgangsstufe 05,Regelklasse,3,56,32,24,4,3,1,7,6,1
02G10,Jahrgangsstufe 06,Regelklasse,3,54,29,25,8,5,3,15,8,7
02G10,Schulanfangsphase,Jahrgangsbezogene Lerngruppe,6,146,65,81,9,5,4,21,13,8
02G11,Jahrgangsstufe 03,Regelklasse,2,43,23,20,3,3,0,3,3,0
02G11,Jahrgangsstufe 04,Regelklasse,2,50,26,24,3,1,2,3,1,2
02G11,Jahrgangsstufe 05,Regelklasse,2,43,25,18,2,1,1,3,1,2
02G11,Jahrgangsstufe 06,Regelklasse,2,47,30,17,2,0,2,5,2,3
02G11,Schulanfangsphase,Jahrgangsbezogene Lerngruppe,1,19,9,10,0,0,0,1,1,0
02G11,Schulanfangsphase,Jahrgangsübergreifende Lerngruppe,4,98,53,45,2,2,0,5,5,0
02G12,Jahrgangsstufe 03,Regelklasse,2,36,19,17,7,4,3,35,19,16
02G12,Jahrgangsstufe 04,Regelklasse,2,30,12,18,7,2,5,26,11,15
02G12,Jahrgangsstufe 05,Regelklasse,3,59,35,24,16,9,7,58,34,24
02G12,Jahrgangsstufe 06,Regelklasse,2,43,16,27,5,4,1,40,14,26
02G12,Schulanfangsphase,Jahrgangsbezogene Lerngruppe,1,19,11,8,5,3,2,11,11,0
02G12,Schulanfangsphase,Jahrgangsübergreifende Lerngruppe,4,77,32,45,6,3,3,43,18,25
02G13,Jahrgangsstufe 03,Jahrgangsübergreifende Lerngruppe,9,224,94,130,3,3,0,107,39,68
02G13,Jahrgangsstufe 06,Jahrgangsübergreifende Lerngruppe,9,217,117,100,2,2,0,81,43,38
02G14,Jahrgangsstufe 03,Regelklasse,3,65,32,33,7,4,3,63,30,33
02G14,Jahrgangsstufe 04,Regelklasse,2,49,32,17,8,5,3,45,28,17
02G14,Jahrgangsstufe 05,Regelklasse,3,56,25,31,11,5,6,46,22,24
02G14,Jahrgangsstufe 06,Regelklasse,3,62,36,26,9,4,5,55,33,22
02G14,Schulanfangsphase,Jahrgangsbezogene Lerngruppe,1,23,11,12,0,0,0,23,11,12
02G14,Schulanfangsphase,Jahrgangsübergreifende Lerngruppe,5,111,59,52,11,7,4,106,56,50
02G15,Jahrgangsstufe 03,Regelklasse,2,36,20,16,9,4,5,30,17,13
02G15,Jahrgangsstufe 04,Regelklasse,2,35,19,16,5,3,2,33,19,14
02G15,Jahrgangsstufe 05,Regelklasse,2,34,13,21,8,2,6,33,12,21
02G15,Jahrgangsstufe 06,Regelklasse,2,44,28,16,10,9,1,42,27,15
02G15,Schulanfangsphase,Jahrgangsübergreifende Lerngruppe,4,84,35,49,36,14,22,78,33,45
02G16,Jahrgangsstufe 03,Regelklasse,4,81,38,43,14,6,8,53,26,27
02G16,Jahrgangsstufe 04,Regelklasse,2,43,25,18,8,5,3,33,20,13
02G16,Jahrgangsstufe 05,Regelklasse,2,44,21,23,8,3,5,35,17,18
02G16,Jahrgangsstufe 06,Regelklasse,2,38,23,15,12,5,7,31,19,12
02G16,Schulanfangsphase,Jahrgangsbezogene Lerngruppe,2,43,19,24,3,1,2,23,9,14
02G16,Schulanfangsphase,Jahrgangsübergreifende Lerngruppe,4,89,37,52,9,6,3,52,27,25
02G18,Jahrgangsstufe 03,Jahrgangsübergreifende Lerngruppe,8,197,110,87,13,8,5,94,53,41
02G18,Jahrgangsstufe 06,Jahrgangsübergreifende Lerngruppe,8,182,104,78,20,13,7,86,50,36
02G19,Jahrgangsstufe 03,Jahrgangsübergreifende Lerngruppe,6,147,76,71,20,10,10,125,63,62
02G19,Jahrgangsstufe 04,Regelklasse,2,41,20,21,5,3,2,39,18,21
02G19,Jahrgangsstufe 05,Regelklasse,2,40,24,16,8,7,1,37,22,15
02G19,Jahrgangsstufe 06,Regelklasse,2,45,24,21,9,6,3,41,23,18
02G20,Jahrgangsstufe 03,Regelklasse,4,91,44,47,15,8,7,61,28,33
02G20,Jahrgangsstufe 04,Regelklasse,4,79,39,40,14,9,5,43,24,19
02G20,Jahrgangsstufe 05,Regelklasse,3,56,28,28,13,6,7,45,20,25
02G20,Jahrgangsstufe 06,Regelklasse,3,58,26,32,22,10,12,42,22,20
02G20,Schulanfangsphase,Jahrgangsübergreifende Lerngruppe,8,185,89,96,21,12,9,115,55,60
02G21,Jahrgangsstufe 03,Regelklasse,4,110,64,46,41,29,12,41,29,12
02G21,Jahrgangsstufe 04,Regelklasse,5,133,70,63,53,29,24,66,37,29
02G21,Jahrgangsstufe 05,Regelklasse,4,111,52,59,47,19,28,58,25,33
02G21,Jahrgangsstufe 06,Regelklasse,4,112,55,57,46,26,20,58,30,28
02G21,Schulanfangsphase,Jahrgangsübergreifende Lerngruppe,8,227,114,113,99,52,47,104,57,47
02G22,Jahrgangsstufe 03,Jahrgangsübergreifende Lerngruppe,6,135,59,76,26,12,14,135,59,76
02G22,Jahrgangsstufe 04,Regelklasse,2,46,19,27,9,6,3,46,19,27
02G22,Jahrgangsstufe 05,Regelklasse,3,53,19,34,12,4,8,52,19,33
02G22,Jahrgangsstufe 06,Lerngruppen für Neuzugänge ohne Deutschkenntnisse,1,9,5,4,5,3,2,9,5,4
02G22,Jahrgangsstufe 06,Regelklasse,2,47,27,20,19,11,8,46,27,19
02G22,Schulanfangsphase,Jahrgangsübergreifende Lerngruppe,1,20,11,9,9,2,7,20,11,9
02G23,Jahrgangsstufe 03,Jahrgangsübergreifende Lerngruppe,9,219,126,93,21,10,11,132,73,59
02G23,Jahrgangsstufe 04,Regelklasse,2,49,27,22,5,4,1,34,22,12
02G23,Jahrgangsstufe 05,Regelklasse,2,42,26,16,8,5,3,33,20,13
02G23,Jahrgangsstufe 06,Lerngruppen für Neuzugänge ohne Deutschkenntnisse,1,8,1,7,8,1,7,8,1,7
02G23,Jahrgangsstufe 06,Regelklasse,2,44,27,17,5,3,2,34,19,15
02G24,Jahrgangsstufe 03,Jahrgangsübergreifende Lerngruppe,11,262,133,129,21,13,8,244,121,123
02G24,Jahrgangsstufe 04,Regelklasse,4,87,48,39,15,8,7,81,44,37
02G24,Jahrgangsstufe 05,Regelklasse,3,63,36,27,13,5,8,59,33,26
02G24,Jahrgangsstufe 06,Regelklasse,3,69,39,30,11,4,7,67,38,29
02G24,Schulanfangsphase,Jahrgangsübergreifende Lerngruppe,1,24,13,11,3,2,1,23,13,10
02G26,Jahrgangsstufe 03,Regelklasse,3,64,28,36,34,14,20,59,24,35
02G26,Jahrgangsstufe 04,Regelklasse,2,52,16,36,20,4,16,48,13,35
02G26,Jahrgangsstufe 05,Regelklasse,3,64,35,29,18,10,8,57,31,26
02G26,Jahrgangsstufe 06,Regelklasse,3,60,30,30,16,8,8,45,22,23
02G26,Schulanfangsphase,Jahrgangsübergreifende Lerngruppe,6,121,59,62,73,34,39,106,49,57
02G27,Jahrgangsstufe 03,Jahrgangsübergreifende Lerngruppe,9,220,112,108,26,12,14,118,59,59
02G27,Jahrgangsstufe 04,Regelklasse,3,72,39,33,5,2,3,44,26,18
02G27,Jahrgangsstufe 05,Regelklasse,3,59,28,31,7,4,3,43,19,24
02G27,Jahrgangsstufe 06,Regelklasse,3,63,30,33,8,4,4,40,16,24
02G27,Schulanfangsphase,Jahrgangsbezogene Lerngruppe,1,24,11,13,1,0,1,12,5,7
02G29,Jahrgangsstufe 03,Jahrgangsübergreifende Lerngruppe,7,165,83,82,4,2,2,105,56,49
02G29,Jahrgangsstufe 04,Regelklasse,3,61,29,32,4,3,1,37,18,19
02G29,Jahrgangsstufe 05,Regelklasse,2,49,29,20,6,5,1,30,16,14
02G29,Jahrgangsstufe 06,Regelklasse,2,46,20,26,5,1,4,27,12,15
02G31,Jahrgangsstufe 03,Jahrgangsübergreifende Lerngruppe,9,219,97,122,26,11,15,97,48,49
02G31,Jahrgangsstufe 04,Regelklasse,3,68,30,38,7,3,4,26,12,14
02G31,Jahrgangsstufe 05,Regelklasse,3,68,36,32,9,5,4,26,15,11
02G31,Jahrgangsstufe 06,Regelklasse,3,67,37,30,3,1,2,33,19,14
02G32,Jahrgangsstufe 03,Jahrgangsübergreifende Lerngruppe,5,126,53,73,6,2,4,56,29,27
02G32,Jahrgangsstufe 06,Jahrgangsübergreifende Lerngruppe,6,146,78,68,12,7,5,83,38,45
02G32,Schulanfangsphase,Jahrgangsübergreifende Lerngruppe,1,25,9,16,0,0,0,12,2,10
02G33,Jahrgangsstufe 03,Klasse der Staatlichen Europaschule,3,69,31,38,15,8,7,36,16,20
02G33,Jahrgangsstufe 04,Klasse der Staatlichen Europaschule,3,63,32,31,9,6,3,36,17,19
02G33,Jahrgangsstufe 05,Klasse der Staatlichen Europaschule,3,56,27,29,12,5,7,30,13,17
02G33,Jahrgangsstufe 06,Klasse der Staatlichen Europaschule,3,47,29,18,15,7,8,23,13,10
02G33,Schulanfangsphase,Klasse der Staatlichen Europaschule,6,156,83,73,6,5,1,76,38,38
02G34,Jahrgangsstufe 03,Regelklasse,2,36,23,13,2,0,2,4,3,1
02G34,Schulanfangsphase,Jahrgangsbezogene Lerngruppe,5,112,59,53,5,0,5,23,10,13
02G35,Jahrgangsstufe 03,Regelklasse,2,57,31,26,0,0,0,37,21,16
02G35,Jahrgangsstufe 04,Regelklasse,3,65,33,32,3,2,1,46,24,22
02G35,Jahrgangsstufe 05,Regelklasse,3,59,37,22,5,4,1,45,27,18
02G35,Jahrgangsstufe 06,Regelklasse,3,62,36,26,3,3,0,53,29,24
02G35,Schulanfangsphase,Jahrgangsübergreifende Lerngruppe,6,137,69,68,0,0,0,93,48,45
02K01,1. Kurshalbjahr,Regelklasse (Kurshalbjahre),0,100,47,53,16,11,5,34,20,14
02K01,3. Kurshalbjahr,Regelklasse (Kurshalbjahre),0,81,29,52,15,8,7,23,8,15
02K01,E-Phase,Gymnasiale Oberstufe gem. § 5 VO-GO,1,28,8,20,3,2,1,12,4,8
02K01,E-Phase,Regelklasse,2,54,18,36,15,6,9,28,9,19
02K01,Jahrgangsstufe 07,Regelklasse,4,102,52,50,28,13,15,59,30,29
02K01,Jahrgangsstufe 08,Regelklasse,4,105,66,39,40,28,12,60,39,21
02K01,Jahrgangsstufe 09,Lerngruppen für Neuzugänge ohne Deutschkenntnisse,1,10,6,4,10,6,4,10,6,4
02K01,Jahrgangsstufe 09,Regelklasse,4,105,60,45,36,16,20,67,35,32
02K01,Jahrgangsstufe 10,Regelklasse,4,122,71,51,31,13,18,94,48,46
02K02,1. Kurshalbjahr,Regelklasse (Kurshalbjahre),0,131,64,67,51,23,28,107,50,57
02K02,3. Kurshalbjahr,Regelklasse (Kurshalbjahre),0,136,68,68,55,21,34,116,55,61
02K02,E-Phase,Regelklasse,4,106,47,59,60,23,37,95,39,56
02K02,Jahrgangsstufe 07,Klasse der Staatlichen Europaschule,2,41,24,17,6,3,3,32,18,14
02K02,Jahrgangsstufe 07,Regelklasse,4,105,57,48,14,9,5,99,53,46
02K02,Jahrgangsstufe 08,Klasse der Staatlichen Europaschule,2,38,22,16,18,10,8,36,20,16
02K02,Jahrgangsstufe 08,Lerngruppen für Neuzugänge ohne Deutschkenntnisse,1,5,3,2,4,2,2,5,3,2
02K02,Jahrgangsstufe 08,Regelklasse,5,126,70,56,48,25,23,115,67,48
02K02,Jahrgangsstufe 09,Förderung abschlussgefährdeter Jugendlicher,1,15,10,5,7,5,2,11,8,3
02K02,Jahrgangsstufe 09,Klasse der Staatlichen Europaschule,1,22,11,11,14,7,7,21,11,10
02K02,Jahrgangsstufe 09,Regelklasse,6,152,81,71,64,33,31,142,75,67
02K02,Jahrgangsstufe 10,Förderung abschlussgefährdeter Jugendlicher,1,14,3,11,8,2,6,14,3,11
02K02,Jahrgangsstufe 10,Klasse der Staatlichen Europaschule,1,27,11,16,14,5,9,24,10,14
02K02,Jahrgangsstufe 10,Regelklasse,7,188,104,84,92,60,32,172,95,77
02K03,Jahrgangsstufe 07,Regelklasse,5,109,46,63,22,13,9,101,41,60
02K03,Jahrgangsstufe 08,Regelklasse,6,138,69,69,63,30,33,136,68,68
02K03,Jahrgangsstufe 09,Produktives Lernen,1,15,11,4,8,6,2,15,11,4
02K03,Jahrgangsstufe 09,Regelklasse,5,123,69,54,54,33,21,121,68,53
02K03,Jahrgangsstufe 10,Förderung abschlussgefährdeter Jugendlicher,1,16,9,7,7,4,3,16,9,7
02K03,Jahrgangsstufe 10,Regelklasse,6,122,53,69,56,23,33,120,53,67
02K04,Jahrgangsstufe 07,Regelklasse,4,95,58,37,18,12,6,78,47,31
02K04,Jahrgangsstufe 08,Regelklasse,4,99,51,48,36,15,21,81,37,44
02K04,Jahrgangsstufe 09,Regelklasse,4,103,55,48,53,23,30,78,41,37
02K04,Jahrgangsstufe 10,Regelklasse,4,104,51,53,38,14,24,83,40,43
02K05,Jahrgangsstufe 07,Regelklasse,3,61,36,25,9,5,4,18,10,8
02K05,Jahrgangsstufe 08,Regelklasse,4,100,54,46,19,12,7,34,24,10
02K05,Jahrgangsstufe 09,Lerngruppen für Neuzugänge ohne Deutschkenntnisse,2,23,11,12,23,11,12,23,11,12
02K05,Jahrgangsstufe 09,Regelklasse,1,26,15,11,4,3,1,15,9,6
02K05,Jahrgangsstufe 10,Regelklasse,2,46,29,17,10,6,4,17,12,5
02K06,Jahrgangsstufe 07,Regelklasse,4,97,74,23,17,15,2,44,36,8
02K06,Jahrgangsstufe 08,Regelklasse,4,98,64,34,22,15,7,43,29,14
02K06,Jahrgangsstufe 09,Produktives Lernen,1,14,5,9,6,4,2,7,5,2
02K06,Jahrgangsstufe 09,Regelklasse,4,90,50,40,21,14,7,46,26,20
02K06,Jahrgangsstufe 10,Regelklasse,2,55,34,21,14,6,8,26,13,13
02K07,Jahrgangsstufe 07,Regelklasse,4,96,58,38,11,4,7,33,18,15
02K07,Jahrgangsstufe 08,Regelklasse,4,101,49,52,18,13,5,23,16,7
02K07,Jahrgangsstufe 09,Praxislerngruppe,1,15,5,10,5,3,2,7,3,4
02K07,Jahrgangsstufe 09,Regelklasse,3,72,43,29,17,7,10,35,21,14
02K07,Jahrgangsstufe 10,Regelklasse,3,72,35,37,18,12,6,23,17,6
02K08,Jahrgangsstufe 07,Regelklasse,2,27,19,8,12,7,5,27,19,8
02K08,Jahrgangsstufe 08,Regelklasse,5,112,62,50,58,31,27,105,57,48
02K08,Jahrgangsstufe 09,Praxislerngruppe,1,15,12,3,3,2,1,11,9,2
02K08,Jahrgangsstufe 09,Regelklasse,5,99,55,44,39,19,20,67,33,34
02K08,Jahrgangsstufe 10,Praxisklasse,1,13,6,7,2,2,0,12,6,6
02K08,Jahrgangsstufe 10,Regelklasse,3,68,42,26,28,15,13,62,40,22
02K09,Jahrgangsstufe 07,Regelklasse,2,30,15,15,11,4,7,26,12,14
02K09,Jahrgangsstufe 08,Regelklasse,4,78,31,47,33,17,16,72,29,43
02K09,Jahrgangsstufe 09,Regelklasse,2,40,25,15,24,12,12,35,20,15
02K09,Jahrgangsstufe 10,Produktives Lernen,1,16,8,8,5,3,2,11,6,5
02K10,Jahrgangsstufe 07,Regelklasse,3,69,44,25,14,9,5,53,32,21
02K10,Jahrgangsstufe 08,Regelklasse,4,92,42,50,24,11,13,79,37,42
02K10,Jahrgangsstufe 09,Regelklasse,4,95,58,37,40,22,18,78,47,31
02K10,Jahrgangsstufe 10,Regelklasse,2,54,26,28,25,13,12,52,24,28
02K10,Jahrgangsstufe 10,Regelklasse,2,49,21,28,23,9,14,45,19,26
02P03,Jahrgangsstufe 03,Regelklasse,1,25,10,15,0,0,0,17,7,10
02P03,Jahrgangsstufe 04,Regelklasse,2,46,21,25,6,3,3,36,16,20
02P03,Jahrgangsstufe 05,Regelklasse,1,24,13,11,5,2,3,19,9,10
02P03,Jahrgangsstufe 06,Regelklasse,1,24,9,15,5,0,5,15,3,12
02P03,Schulanfangsphase,Jahrgangsbezogene Lerngruppe,2,50,24,26,1,1,0,32,17,15
02P04,Jahrgangsstufe 03,Regelklasse,2,54,24,30,1,1,0,1,1,0
02P04,Jahrgangsstufe 04,Regelklasse,2,56,26,30,2,1,1,2,1,1
02P04,Jahrgangsstufe 05,Regelklasse,2,51,27,24,0,0,0,1,1,0
02P04,Jahrgangsstufe 06,Regelklasse,2,54,20,34,0,0,0,0,0,0
02P04,Jahrgangsstufe 07,Regelklasse,2,45,19,26,0,0,0,0,0,0
02P04,Jahrgangsstufe 08,Regelklasse,2,55,23,32,1,1,0,2,1,1
02P04,Jahrgangsstufe 09,Regelklasse,2,49,22,27,0,0,0,0,0,0
02P04,Jahrgangsstufe 10,Regelklasse,2,51,21,30,1,0,1,3,2,1
02P04,Jahrgangsstufe 11,Regelklasse,1,30,13,17,2,1,1,0,0,0
02P04,Jahrgangsstufe 12,Regelklasse,1,29,10,19,1,0,1,0,0,0
02P04,Jahrgangsstufe 13,Regelklasse,1,40,19,21,0,0,0,2,2,0
02P04,Schulanfangsphase,Jahrgangsbezogene Lerngruppe,2,55,25,30,0,0,0,0,0,0
02P04,Schulanfangsphase,Jahrgangsübergreifende Lerngruppe,2,57,23,34,2,1,1,1,1,0
02P08,Jahrgangsstufe 03,Regelklasse,1,3,2,1,0,0,0,0,0,0
02P08,Jahrgangsstufe 04,Regelklasse,1,4,1,3,0,0,0,1,0,1
02P08,Jahrgangsstufe 05,Regelklasse,1,7,3,4,0,0,0,0,0,0
02P08,Jahrgangsstufe 06,Regelklasse,1,6,4,2,0,0,0,0,0,0
02P08,Jahrgangsstufe 07,Regelklasse,1,6,4,2,0,0,0,0,0,0
02P08,Jahrgangsstufe 08,Regelklasse,1,5,3,2,0,0,0,1,0,1
02P08,Jahrgangsstufe 09,Regelklasse,1,6,3,3,1,1,0,3,1,2
02P08,Jahrgangsstufe 10,Regelklasse,1,6,4,2,0,0,0,1,1,0
02P08,Schulanfangsphase,Jahrgangsbezogene Lerngruppe,2,9,6,3,0,0,0,1,1,0
02P09,Jahrgangsstufe 04,Jahrgangsübergreifende Lerngruppe,1,11,5,6,0,0,0,0,0,0
02P09,Jahrgangsstufe 06,Jahrgangsübergreifende Lerngruppe,1,9,6,3,0,0,0,0,0,0
02P09,Schulanfangsphase,Jahrgangsbezogene Lerngruppe,1,11,5,6,0,0,0,0,0,0
02P11,Jahrgangsstufe 04,Jahrgangsübergreifende Lerngruppe,4,97,45,52,48,25,23,51,23,28
02P11,Jahrgangsstufe 05,Regelklasse,1,23,12,11,9,4,5,15,9,6
02P11,Jahrgangsstufe 06,Regelklasse,1,11,6,5,5,3,2,6,4,2
02P11,Schulanfangsphase,Jahrgangsübergreifende Lerngruppe,4,96,45,51,64,24,40,73,30,43
02P12,Jahrgangsstufe 03,Regelklasse,3,62,28,34,4,3,1,3,3,0
02P12,Jahrgangsstufe 04,Regelklasse,3,55,26,29,4,1,3,0,0,0
02P12,Jahrgangsstufe 05,Regelklasse,2,36,20,16,0,0,0,0,0,0
02P12,Jahrgangsstufe 06,Regelklasse,1,18,9,9,0,0,0,0,0,0
02P12,Schulanfangsphase,Jahrgangsbezogene Lerngruppe,5,108,48,60,7,4,3,7,3,4
02P13,Jahrgangsstufe 03,Jahrgangsübergreifende Lerngruppe,1,24,12,12,0,0,0,0,0,0
02P13,Jahrgangsstufe 06,Jahrgangsübergreifende Lerngruppe,1,17,7,10,0,0,0,0,0,0
02P13,Jahrgangsstufe 10,Regelklasse,1,23,12,11,0,0,0,0,0,0
02P25,Schulanfangsphase,Jahrgangsübergreifende Lerngruppe,2,45,25,20,0,0,0,0,0,0
02S01,Jahrgangsstufe 03,Regelklasse,1,21,15,6,1,1,0,1,1,0
02S01,Jahrgangsstufe 03,Sonderpädagogische Kleinklasse,1,6,6,0,0,0,0,2,2,0
02S01,Jahrgangsstufe 04,Regelklasse,2,9,9,0,0,0,0,4,4,0
02S01,Jahrgangsstufe 04,Regelklasse,1,16,9,7,0,0,0,0,0,0
02S01,Jahrgangsstufe 05,Regelklasse,1,13,7,6,0,0,0,2,1,1
02S01,Jahrgangsstufe 06,Regelklasse,1,19,10,9,0,0,0,0,0,0
02S01,Jahrgangsstufe 06,Sonderpädagogische Kleinklasse,1,6,6,0,0,0,0,2,2,0
02S01,Jahrgangsstufe 07,Regelklasse,1,13,9,4,1,0,1,5,3,2
02S01,Jahrgangsstufe 07,Regelklasse,3,15,13,2,3,1,2,3,1,2
02S01,Jahrgangsstufe 08,Regelklasse,1,12,6,6,3,3,0,3,3,0
02S01,Jahrgangsstufe 09,Regelklasse,2,27,16,11,5,2,3,7,3,4
02S01,Jahrgangsstufe 10,Regelklasse,1,13,7,6,0,0,0,5,4,1
02S01,Jahrgangsstufe 10,Regelklasse,2,9,9,0,1,1,0,3,3,0
02S01,Schulanfangsphase,Jahrgangsübergreifende Lerngruppe,2,40,23,17,0,0,0,0,0,0
02S02,Abschlussstufe,Regelklasse,4,26,15,11,10,5,5,14,9,5
02S02,Eingangsstufe,Regelklasse,3,15,8,7,12,7,5,13,8,5
02S02,Mittelstufe,Regelklasse,5,29,14,15,16,7,9,22,10,12
02S02,Oberstufe,Regelklasse,9,55,37,18,31,18,13,36,23,13
02S02,Unterstufe,Regelklasse,4,21,12,9,15,10,5,17,10,7
02S03,1. Kurshalbjahr,Regelklasse (Kurshalbjahre),0,17,9,8,1,1,0,1,1,0
02S03,3. Kurshalbjahr,Regelklasse (Kurshalbjahre),0,2,1,1,0,0,0,0,0,0
02S03,E-Phase,Regelklasse,1,11,5,6,0,0,0,1,1,0
02S03,Jahrgangsstufe 03,Regelklasse,2,16,14,2,0,0,0,7,5,2
02S03,Jahrgangsstufe 04,Regelklasse,1,11,8,3,0,0,0,6,5,1
02S03,Jahrgangsstufe 05,Regelklasse,1,8,5,3,0,0,0,1,0,1
02S03,Jahrgangsstufe 06,Regelklasse,1,14,7,7,1,1,0,2,1,1
02S03,Jahrgangsstufe 07,Regelklasse,2,23,14,9,0,0,0,0,0,0
02S03,Jahrgangsstufe 08,Regelklasse,2,20,15,5,0,0,0,2,2,0
02S03,Jahrgangsstufe 09,Regelklasse,2,17,13,4,0,0,0,1,0,1
02S03,Jahrgangsstufe 10,Regelklasse,3,18,14,4,0,0,0,1,1,0
02S03,Mittelstufe,Regelklasse,1,5,4,1,0,0,0,0,0,0
02S03,Schulanfangsphase,Jahrgangsbezogene Lerngruppe,3,35,19,16,1,1,0,12,5,7
02S04,Jahrgangsstufe 03,Regelklasse,1,11,5,6,2,2,0,3,2,1
02S04,Jahrgangsstufe 04,Jahrgangsübergreifende Lerngruppe,1,11,5,6,3,2,1,3,2,1
02S04,Jahrgangsstufe 04,Regelklasse,1,10,6,4,2,1,1,3,2,1
02S04,Jahrgangsstufe 05,Regelklasse,1,11,8,3,1,1,0,2,2,0
02S04,Jahrgangsstufe 06,Regelklasse,2,24,14,10,0,0,0,1,0,1
02S04,Schulanfangsphase,Jahrgangsübergreifende Lerngruppe,4,39,28,11,2,0,2,11,6,5
02S05,Jahrgangsstufe 10,Regelklasse,2,22,15,7,11,7,4,15,11,4
02S06,Jahrgangsstufe 03,Jahrgangsübergreifende Lerngruppe,8,90,67,23,21,17,4,71,52,19
02S06,Jahrgangsstufe 04,Regelklasse,2,23,14,9,10,7,3,20,13,7
02S06,Jahrgangsstufe 05,Regelklasse,2,20,13,7,4,4,0,13,10,3
02S06,Jahrgangsstufe 06,Regelklasse,2,25,17,8,11,6,5,21,14,7
02Y01,1. Kurshalbjahr,Regelklasse (Kurshalbjahre),0,110,58,52,24,14,10,31,19,12
02Y01,3. Kurshalbjahr,Regelklasse (Kurshalbjahre),0,83,43,40,22,9,13,34,16,18
02Y01,Jahrgangsstufe 05,Regelklasse,1,30,17,13,4,3,1,14,8,6
02Y01,Jahrgangsstufe 07,Regelklasse,3,94,58,36,11,7,4,36,21,15
02Y01,Jahrgangsstufe 08,Regelklasse,5,160,88,72,29,15,14,62,26,36
02Y01,Jahrgangsstufe 09,Regelklasse,4,127,63,64,28,9,19,51,25,26
02Y01,Jahrgangsstufe 10,Regelklasse,4,110,56,54,29,16,13,42,24,18
02Y03,1. Kurshalbjahr,Regelklasse (Kurshalbjahre),0,87,68,19,6,3,3,9,5,4
02Y03,3. Kurshalbjahr,Regelklasse (Kurshalbjahre),0,55,44,11,2,2,0,6,4,2
02Y03,Jahrgangsstufe 05,Regelklasse,2,60,49,11,1,1,0,14,10,4
02Y03,Jahrgangsstufe 06,Regelklasse,1,29,20,9,3,1,2,5,4,1
02Y03,Jahrgangsstufe 07,Regelklasse,2,60,38,22,7,7,0,18,11,7
02Y03,Jahrgangsstufe 08,Regelklasse,3,90,65,25,11,6,5,16,8,8
02Y03,Jahrgangsstufe 09,Regelklasse,3,88,63,25,2,2,0,6,6,0
02Y03,Jahrgangsstufe 10,Regelklasse,3,88,69,19,4,4,0,10,10,0
02Y04,1. Kurshalbjahr,Regelklasse (Kurshalbjahre),0,75,26,49,1,0,1,1,0,1
02Y04,3. Kurshalbjahr,Regelklasse (Kurshalbjahre),0,52,12,40,1,0,1,1,0,1
02Y04,Jahrgangsstufe 05,Regelklasse,2,60,19,41,1,0,1,0,0,0
02Y04,Jahrgangsstufe 06,Regelklasse,2,60,20,40,2,2,0,3,2,1
02Y04,Jahrgangsstufe 07,Regelklasse,3,89,29,60,2,2,0,4,2,2
02Y04,Jahrgangsstufe 08,Regelklasse,2,60,29,31,0,0,0,1,0,1
02Y04,Jahrgangsstufe 09,Regelklasse,2,60,21,39,2,0,2,2,0,2
02Y04,Jahrgangsstufe 10,Regelklasse,2,60,17,43,0,0,0,3,3,0
02Y05,1. Kurshalbjahr,Regelklasse (Kurshalbjahre),0,123,59,64,8,5,3,11,9,2
02Y05,3. Kurshalbjahr,Regelklasse (Kurshalbjahre),0,129,58,71,9,6,3,9,4,5
02Y05,Jahrgangsstufe 05,"Klasse ""achtjähriges Gymnasium""",2,55,29,26,2,1,1,3,1,2
02Y05,Jahrgangsstufe 06,"Klasse ""achtjähriges Gymnasium""",2,55,37,18,4,4,0,5,5,0
02Y05,Jahrgangsstufe 07,"Klasse ""achtjähriges Gymnasium""",1,31,15,16,6,2,4,9,4,5
02Y05,Jahrgangsstufe 07,Regelklasse,3,96,46,50,4,3,1,9,6,3
02Y05,Jahrgangsstufe 08,Regelklasse,3,96,46,50,6,1,5,12,3,9
02Y05,Jahrgangsstufe 09,"Klasse ""achtjähriges Gymnasium""",2,55,24,31,8,4,4,10,5,5
02Y05,Jahrgangsstufe 09,Regelklasse,3,87,39,48,6,3,3,12,8,4
02Y05,Jahrgangsstufe 10,"Klasse ""achtjähriges Gymnasium""",2,59,27,32,6,3,3,11,5,6
02Y05,Jahrgangsstufe 10,Regelklasse,2,59,29,30,10,7,3,12,8,4
02Y06,1. Kurshalbjahr,Regelklasse (Kurshalbjahre),0,131,52,79,11,7,4,27,12,15
02Y06,3. Kurshalbjahr,Regelklasse (Kurshalbjahre),0,106,49,57,7,3,4,22,10,12
02Y06,Jahrgangsstufe 07,Regelklasse,4,125,52,73,11,4,7,43,14,29
02Y06,Jahrgangsstufe 08,Regelklasse,6,192,90,102,25,12,13,56,28,28
02Y06,Jahrgangsstufe 09,Regelklasse,4,129,49,80,9,3,6,29,11,18
02Y06,Jahrgangsstufe 10,Regelklasse,4,130,55,75,14,7,7,30,11,19
02Y07,1. Kurshalbjahr,Regelklasse (Kurshalbjahre),0,78,34,44,43,19,24,78,34,44
02Y07,3. Kurshalbjahr,Regelklasse (Kurshalbjahre),0,59,27,32,22,11,11,56,25,31
02Y07,Jahrgangsstufe 07,Regelklasse,4,111,59,52,20,9,11,106,59,47
02Y07,Jahrgangsstufe 08,Regelklasse,4,110,50,60,48,17,31,107,49,58
02Y07,Jahrgangsstufe 09,Regelklasse,4,93,45,48,46,23,23,90,42,48
02Y07,Jahrgangsstufe 10,Regelklasse,3,74,33,41,21,5,16,72,32,40
02Y08,1. Kurshalbjahr,Regelklasse (Kurshalbjahre),0,82,42,40,47,20,27,72,35,37
02Y08,3. Kurshalbjahr,Regelklasse (Kurshalbjahre),0,68,21,47,51,15,36,65,20,45
02Y08,Jahrgangsstufe 07,Regelklasse,3,88,37,51,8,2,6,75,34,41
02Y08,Jahrgangsstufe 08,Regelklasse,4,116,51,65,36,14,22,89,39,50
02Y08,Jahrgangsstufe 09,Regelklasse,4,105,42,63,28,10,18,67,27,40
02Y08,Jahrgangsstufe 10,Regelklasse,3,68,26,42,18,7,11,63,23,40
03B08,Jahrgangsstufe 05,Regelklasse,3,43,7,36,7,0,7,7,0,7
03B08,Jahrgangsstufe 06,Regelklasse,3,39,10,29,4,1,3,3,2,1
03B08,Jahrgangsstufe 07,Regelklasse,2,34,7,27,2,0,2,1,0,1
03B08,Jahrgangsstufe 08,Regelklasse,3,37,14,23,6,2,4,6,2,4
03B08,Jahrgangsstufe 09,Regelklasse,2,28,6,22,4,0,4,2,0,2
03B08,Jahrgangsstufe 10,Regelklasse,2,39,13,26,3,1,2,12,3,9
03G01,Jahrgangsstufe 03,Regelklasse,3,70,42,28,4,3,1,6,3,3
03G01,Jahrgangsstufe 04,Regelklasse,2,50,30,20,3,2,1,10,5,5
03G01,Jahrgangsstufe 05,Regelklasse,2,35,15,20,0,0,0,5,2,3
03G01,Jahrgangsstufe 06,Regelklasse,2,42,19,23,2,1,1,2,1,1
03G01,Schulanfangsphase,Jahrgangsübergreifende Lerngruppe,6,140,69,71,2,1,1,12,4,8
03G02,Jahrgangsstufe 03,Regelklasse,4,91,50,41,1,0,1,5,3,2
03G02,Jahrgangsstufe 04,Regelklasse,3,75,44,31,0,0,0,5,2,3
03G02,Jahrgangsstufe 05,Regelklasse,2,54,26,28,3,2,1,3,1,2
03G02,Jahrgangsstufe 06,Regelklasse,2,54,27,27,3,2,1,1,1,0
03G02,Schulanfangsphase,Jahrgangsbezogene Lerngruppe,1,22,12,10,1,1,0,8,4,4
03G02,Schulanfangsphase,Jahrgangsübergreifende Lerngruppe,6,152,75,77,1,1,0,12,8,4
03G03,Jahrgangsstufe 03,Regelklasse,3,72,44,28,7,4,3,12,8,4
03G03,Jahrgangsstufe 04,Regelklasse,3,79,41,38,3,1,2,20,11,9
03G03,Jahrgangsstufe 05,Regelklasse,3,63,43,20,2,2,0,10,6,4
03G03,Jahrgangsstufe 06,Regelklasse,4,96,54,42,3,1,2,7,4,3
03G03,Schulanfangsphase,Jahrgangsübergreifende Lerngruppe,5,131,65,66,8,2,6,27,10,17
03G04,Jahrgangsstufe 03,Regelklasse,3,63,28,35,10,6,4,10,6,4
03G04,Jahrgangsstufe 04,Regelklasse,3,74,38,36,2,2,0,9,5,4
03G04,Jahrgangsstufe 05,Regelklasse,3,73,29,44,2,0,2,3,1,2
03G04,Jahrgangsstufe 06,Regelklasse,3,73,44,29,4,3,1,6,5,1
03G04,Schulanfangsphase,Jahrgangsbezogene Lerngruppe,1,25,13,12,5,3,2,5,3,2
03G04,Schulanfangsphase,Jahrgangsübergreifende Lerngruppe,6,154,79,75,17,9,8,19,9,10
03G05,Jahrgangsstufe 03,Klasse der Staatlichen Europaschule,1,21,9,12,17,7,10,14,6,8
03G05,Jahrgangsstufe 03,Regelklasse,3,62,39,23,3,2,1,4,2,2
03G05,Jahrgangsstufe 04,Klasse der Staatlichen Europaschule,1,18,5,13,11,4,7,11,2,9
03G05,Jahrgangsstufe 04,Regelklasse,2,48,20,28,1,1,0,1,0,1
03G05,Jahrgangsstufe 05,Klasse der Staatlichen Europaschule,1,16,6,10,13,5,8,8,2,6
03G05,Jahrgangsstufe 05,Regelklasse,2,54,30,24,2,1,1,2,1,1
03G05,Jahrgangsstufe 06,Klasse der Staatlichen Europaschule,1,8,2,6,3,0,3,4,0,4
03G05,Jahrgangsstufe 06,Regelklasse,2,41,21,20,4,0,4,4,0,4
03G05,Schulanfangsphase,Jahrgangsbezogene Lerngruppe,2,44,24,20,1,0,1,1,0,1
03G05,Schulanfangsphase,Jahrgangsübergreifende Lerngruppe,5,116,59,57,2,1,1,3,2,1
03G05,Schulanfangsphase,Klasse der Staatlichen Europaschule,2,35,16,19,12,5,7,14,6,8
03G06,Jahrgangsstufe 03,Regelklasse,2,44,24,20,1,0,1,12,8,4
03G06,Jahrgangsstufe 04,Regelklasse,2,37,16,21,2,1,1,17,9,8
03G06,Jahrgangsstufe 05,Regelklasse,2,31,16,15,0,0,0,6,3,3
03G06,Jahrgangsstufe 06,Jahrgangsübergreifende Lerngruppe,1,22,13,9,1,1,0,5,4,1
03G06,Jahrgangsstufe 06,Regelklasse,1,18,10,8,1,1,0,2,1,1
03G06,Schulanfangsphase,Jahrgangsbezogene Lerngruppe,1,19,13,6,1,1,0,8,5,3
03G06,Schulanfangsphase,Jahrgangsübergreifende Lerngruppe,2,42,25,17,0,0,0,17,9,8
03G08,Jahrgangsstufe 03,Regelklasse,2,44,21,23,2,1,1,9,3,6
03G08,Jahrgangsstufe 04,Regelklasse,2,52,26,26,7,4,3,12,7,5
03G08,Jahrgangsstufe 05,Regelklasse,2,48,29,19,4,2,2,14,7,7
03G08,Jahrgangsstufe 06,Regelklasse,2,44,26,18,2,0,2,10,6,4
03G08,Schulanfangsphase,Jahrgangsübergreifende Lerngruppe,4,105,62,43,9,5,4,27,18,9
03G09,Jahrgangsstufe 04,Jahrgangsübergreifende Lerngruppe,7,171,78,93,2,2,0,5,5,0
03G09,Jahrgangsstufe 06,Jahrgangsübergreifende Lerngruppe,6,141,59,82,6,4,2,5,3,2
03G09,Schulanfangsphase,Jahrgangsübergreifende Lerngruppe,7,166,89,77,9,8,1,22,14,8
03G10,Jahrgangsstufe 03,Jahrgangsübergreifende Lerngruppe,3,59,26,33,1,0,1,2,0,2
03G10,Jahrgangsstufe 03,Regelklasse,2,47,27,20,0,0,0,2,1,1
03G10,Jahrgangsstufe 04,Regelklasse,2,45,20,25,1,0,1,4,2,2
03G10,Jahrgangsstufe 05,Regelklasse,2,49,30,19,2,2,0,6,5,1
03G10,Jahrgangsstufe 06,Regelklasse,2,48,23,25,0,0,0,3,1,2
03G10,Schulanfangsphase,Jahrgangsbezogene Lerngruppe,1,22,16,6,2,1,1,2,1,1
03G10,Schulanfangsphase,Jahrgangsübergreifende Lerngruppe,5,104,61,43,1,1,0,5,4,1
03G11,Jahrgangsstufe 03,Regelklasse,5,115,50,65,7,1,6,26,10,16
03G11,Jahrgangsstufe 04,Regelklasse,4,101,53,48,10,4,6,32,14,18
03G11,Jahrgangsstufe 05,Regelklasse,3,71,36,35,5,4,1,22,13,9
03G11,Jahrgangsstufe 06,Regelklasse,3,70,42,28,10,5,5,24,15,9
03G11,Schulanfangsphase,Jahrgangsbezogene Lerngruppe,1,25,13,12,1,1,0,14,8,6
03G11,Schulanfangsphase,Jahrgangsübergreifende Lerngruppe,8,205,89,116,11,4,7,47,15,32
03G12,Jahrgangsstufe 03,Regelklasse,2,53,27,26,1,1,0,9,5,4
03G12,Jahrgangsstufe 04,Regelklasse,2,49,27,22,1,0,1,7,3,4
03G12,Jahrgangsstufe 05,Regelklasse,2,42,19,23,0,0,0,7,3,4
03G12,Jahrgangsstufe 06,Regelklasse,2,30,13,17,1,1,0,5,2,3
03G12,Schulanfangsphase,Jahrgangsübergreifende Lerngruppe,6,151,68,83,7,3,4,36,16,20
03G13,Jahrgangsstufe 03,Regelklasse,3,65,36,29,0,0,0,9,5,4
03G13,Jahrgangsstufe 04,Regelklasse,2,41,24,17,0,0,0,5,2,3
03G13,Jahrgangsstufe 05,Regelklasse,2,34,23,11,0,0,0,8,6,2
03G13,Jahrgangsstufe 06,Regelklasse,2,48,21,27,0,0,0,8,3,5
03G13,Schulanfangsphase,Jahrgangsübergreifende Lerngruppe,4,100,53,47,0,0,0,13,7,6
03G14,Jahrgangsstufe 03,Regelklasse,3,73,48,25,4,2,2,5,3,2
03G14,Jahrgangsstufe 04,Regelklasse,3,66,38,28,3,1,2,4,1,3
03G14,Jahrgangsstufe 05,Regelklasse,3,70,29,41,6,2,4,6,2,4
03G14,Jahrgangsstufe 06,Regelklasse,3,59,23,36,4,2,2,6,3,3
03G14,Schulanfangsphase,Jahrgangsbezogene Lerngruppe,1,24,17,7,2,2,0,4,4,0
03G14,Schulanfangsphase,Jahrgangsübergreifende Lerngruppe,6,148,76,72,14,11,3,14,11,3
03G14,Schulanfangsphase,Sonderpädagogische Kleinklasse,1,6,4,2,1,0,1,1,0,1
03G15,Jahrgangsstufe 03,Regelklasse,1,16,9,7,2,0,2,3,0,3
03G15,Jahrgangsstufe 04,Jahrgangsübergreifende Lerngruppe,1,24,13,11,3,2,1,4,2,2
03G15,Schulanfangsphase,Jahrgangsübergreifende Lerngruppe,4,89,47,42,12,8,4,14,9,5
03G16,Jahrgangsstufe 03,Regelklasse,2,44,20,24,1,1,0,3,1,2
03G16,Jahrgangsstufe 04,Regelklasse,2,41,32,9,0,0,0,0,0,0
03G16,Jahrgangsstufe 05,Regelklasse,2,30,18,12,1,0,1,1,0,1
03G16,Jahrgangsstufe 06,Regelklasse,2,41,14,27,1,0,1,5,3,2
03G16,Schulanfangsphase,Jahrgangsbezogene Lerngruppe,6,129,65,64,3,1,2,4,2,2
03G17,Jahrgangsstufe 03,Regelklasse,3,68,36,32,2,2,0,6,3,3
03G17,Jahrgangsstufe 04,Regelklasse,3,65,30,35,2,1,1,7,3,4
03G17,Jahrgangsstufe 05,Regelklasse,2,42,25,17,1,1,0,2,1,1
03G17,Jahrgangsstufe 06,Regelklasse,2,32,18,14,4,1,3,5,2,3
03G17,Schulanfangsphase,Jahrgangsbezogene Lerngruppe,6,153,75,78,0,0,0,12,5,7
03G18,Jahrgangsstufe 03,Jahrgangsübergreifende Lerngruppe,9,229,121,108,7,4,3,7,4,3
03G18,Jahrgangsstufe 04,Regelklasse,3,56,26,30,0,0,0,0,0,0
03G18,Jahrgangsstufe 05,Regelklasse,3,65,35,30,2,1,1,2,1,1
03G18,Jahrgangsstufe 06,Regelklasse,3,57,27,30,0,0,0,0,0,0
03G20,Jahrgangsstufe 03,Regelklasse,2,54,23,31,1,0,1,5,2,3
03G20,Jahrgangsstufe 04,Regelklasse,2,46,30,16,0,0,0,3,1,2
03G20,Jahrgangsstufe 05,Regelklasse,2,39,16,23,0,0,0,2,1,1
03G20,Jahrgangsstufe 06,Regelklasse,2,37,17,20,0,0,0,4,2,2
03G20,Schulanfangsphase,Jahrgangsbezogene Lerngruppe,4,96,50,46,4,2,2,9,5,4
03G21,Jahrgangsstufe 03,Regelklasse,3,81,43,38,1,0,1,1,0,1
03G21,Jahrgangsstufe 04,Regelklasse,3,76,40,36,0,0,0,0,0,0
03G21,Jahrgangsstufe 05,Regelklasse,3,66,27,39,0,0,0,1,1,0
03G21,Jahrgangsstufe 06,Regelklasse,3,75,35,40,0,0,0,0,0,0
03G21,Schulanfangsphase,Jahrgangsbezogene Lerngruppe,6,147,78,69,0,0,0,1,0,1
03G22,Jahrgangsstufe 03,Regelklasse,2,46,27,19,0,0,0,1,0,1
03G22,Jahrgangsstufe 04,Regelklasse,2,43,17,26,0,0,0,1,0,1
03G22,Jahrgangsstufe 05,Regelklasse,2,41,25,16,0,0,0,1,1,0
03G22,Jahrgangsstufe 06,Regelklasse,2,43,20,23,0,0,0,0,0,0
03G22,Schulanfangsphase,Jahrgangsübergreifende Lerngruppe,4,102,55,47,4,2,2,4,2,2
03G23,Jahrgangsstufe 03,Regelklasse,2,55,27,28,0,0,0,0,0,0
03G23,Jahrgangsstufe 04,Regelklasse,2,53,31,22,1,0,1,1,0,1
03G23,Jahrgangsstufe 05,Regelklasse,2,53,27,26,0,0,0,0,0,0
03G23,Jahrgangsstufe 06,Regelklasse,2,53,24,29,0,0,0,0,0,0
03G23,Schulanfangsphase,Jahrgangsübergreifende Lerngruppe,4,105,56,49,1,0,1,1,0,1
03G24,Jahrgangsstufe 03,Regelklasse,3,79,38,41,0,0,0,4,1,3
03G24,Jahrgangsstufe 04,Regelklasse,4,89,42,47,0,0,0,7,4,3
03G24,Jahrgangsstufe 05,Regelklasse,4,90,38,52,0,0,0,7,3,4
03G24,Jahrgangsstufe 06,Regelklasse,2,54,26,28,0,0,0,9,3,6
03G24,Schulanfangsphase,Jahrgangsübergreifende Lerngruppe,8,176,94,82,0,0,0,3,2,1
03G25,Jahrgangsstufe 03,Regelklasse,4,88,55,33,3,2,1,14,7,7
03G25,Jahrgangsstufe 04,Regelklasse,3,71,32,39,4,0,4,7,2,5
03G25,Jahrgangsstufe 05,Regelklasse,2,47,24,23,0,0,0,11,6,5
03G25,Jahrgangsstufe 06,Regelklasse,2,50,24,26,2,1,1,8,4,4
03G25,Schulanfangsphase,Jahrgangsübergreifende Lerngruppe,6,153,78,75,3,1,2,26,13,13
03G26,Jahrgangsstufe 03,Regelklasse,3,74,37,37,2,1,1,6,4,2
03G26,Jahrgangsstufe 04,Regelklasse,3,74,37,37,3,0,3,7,1,6
03G26,Jahrgangsstufe 05,Regelklasse,3,62,26,36,2,1,1,3,2,1
03G26,Jahrgangsstufe 06,Regelklasse,2,44,23,21,1,0,1,1,0,1
03G26,Schulanfangsphase,Jahrgangsbezogene Lerngruppe,1,22,12,10,1,0,1,1,0,1
03G26,Schulanfangsphase,Jahrgangsübergreifende Lerngruppe,6,156,82,74,7,7,0,14,13,1
03G27,Jahrgangsstufe 03,Regelklasse,3,76,41,35,1,1,0,1,1,0
03G27,Jahrgangsstufe 04,Regelklasse,2,50,22,28,0,0,0,0,0,0
03G27,Jahrgangsstufe 05,Regelklasse,2,51,21,30,1,0,1,1,0,1
03G27,Jahrgangsstufe 06,Regelklasse,3,67,42,25,1,1,0,0,0,0
03G27,Schulanfangsphase,Jahrgangsbezogene Lerngruppe,5,129,64,65,4,2,2,4,1,3
03G28,Jahrgangsstufe 03,Jahrgangsübergreifende Lerngruppe,3,71,42,29,0,0,0,1,0,1
03G28,Jahrgangsstufe 03,Regelklasse,2,45,21,24,0,0,0,0,0,0
03G28,Jahrgangsstufe 04,Regelklasse,3,66,33,33,0,0,0,1,0,1
03G28,Jahrgangsstufe 05,Regelklasse,2,57,29,28,1,1,0,0,0,0
03G28,Jahrgangsstufe 06,Regelklasse,2,53,27,26,0,0,0,2,1,1
03G28,Schulanfangsphase,Jahrgangsbezogene Lerngruppe,5,106,62,44,0,0,0,3,0,3
03G29,Jahrgangsstufe 03,Regelklasse,3,76,31,45,0,0,0,4,4,0
03G29,Jahrgangsstufe 04,Regelklasse,2,38,17,21,1,0,1,1,0,1
03G29,Jahrgangsstufe 05,Regelklasse,3,56,36,20,0,0,0,1,1,0
03G29,Jahrgangsstufe 06,Regelklasse,2,52,24,28,0,0,0,1,0,1
03G29,Schulanfangsphase,Jahrgangsbezogene Lerngruppe,6,120,59,61,1,1,0,5,4,1
03G32,Jahrgangsstufe 03,Regelklasse,3,80,49,31,0,0,0,6,3,3
03G32,Jahrgangsstufe 04,Regelklasse,3,61,34,27,0,0,0,4,2,2
03G32,Jahrgangsstufe 05,Regelklasse,2,51,24,27,0,0,0,6,1,5
03G32,Jahrgangsstufe 06,Regelklasse,2,53,26,27,0,0,0,8,5,3
03G32,Schulanfangsphase,Jahrgangsübergreifende Lerngruppe,6,128,68,60,0,0,0,5,4,1
03G33,Jahrgangsstufe 03,Jahrgangsübergreifende Lerngruppe,6,141,72,69,0,0,0,21,9,12
03G33,Jahrgangsstufe 03,Regelklasse,2,47,17,30,0,0,0,0,0,0
03G33,Jahrgangsstufe 04,Regelklasse,4,93,63,30,0,0,0,8,7,1
03G33,Jahrgangsstufe 05,Regelklasse,4,81,43,38,0,0,0,13,8,5
03G33,Jahrgangsstufe 06,Regelklasse,4,79,44,35,0,0,0,12,6,6
03G33,Schulanfangsphase,Jahrgangsbezogene Lerngruppe,5,127,66,61,0,0,0,6,3,3
03G34,Jahrgangsstufe 03,Regelklasse,3,68,37,31,6,5,1,6,4,2
03G34,Jahrgangsstufe 04,Regelklasse,3,81,47,34,0,0,0,2,1,1
03G34,Jahrgangsstufe 05,Regelklasse,3,68,31,37,0,0,0,4,2,2
03G34,Jahrgangsstufe 06,Regelklasse,3,73,39,34,0,0,0,0,0,0
03G34,Schulanfangsphase,Jahrgangsübergreifende Lerngruppe,6,154,78,76,0,0,0,7,5,2
03G35,Jahrgangsstufe 03,Regelklasse,1,22,15,7,0,0,0,3,2,1
03G35,Jahrgangsstufe 04,Regelklasse,1,24,10,14,0,0,0,3,1,2
03G35,Jahrgangsstufe 05,Regelklasse,1,24,16,8,0,0,0,3,2,1
03G35,Jahrgangsstufe 06,Regelklasse,1,26,14,12,0,0,0,1,0,1
03G35,Schulanfangsphase,Jahrgangsübergreifende Lerngruppe,2,50,28,22,0,0,0,9,4,5
03G36,Jahrgangsstufe 03,Regelklasse,1,23,18,5,2,2,0,2,2,0
03G36,Jahrgangsstufe 04,Regelklasse,1,16,9,7,2,2,0,2,2,0
03G36,Jahrgangsstufe 05,Regelklasse,1,21,17,4,0,0,0,0,0,0
03G36,Jahrgangsstufe 06,Regelklasse,1,19,11,8,0,0,0,0,0,0
03G36,Schulanfangsphase,Jahrgangsbezogene Lerngruppe,3,59,33,26,0,0,0,3,1,2
03G37,Jahrgangsstufe 03,Regelklasse,2,51,31,20,3,2,1,3,2,1
03G37,Jahrgangsstufe 04,Regelklasse,2,52,34,18,6,6,0,6,6,0
03G37,Jahrgangsstufe 05,Regelklasse,2,42,22,20,5,3,2,5,3,2
03G37,Jahrgangsstufe 06,Regelklasse,2,37,19,18,2,0,2,2,0,2
03G37,Schulanfangsphase,Jahrgangsübergreifende Lerngruppe,5,117,53,64,21,14,7,21,14,7
03G38,Jahrgangsstufe 03,Jahrgangsübergreifende Lerngruppe,7,184,99,85,3,1,2,6,4,2
03G38,Jahrgangsstufe 06,Jahrgangsübergreifende Lerngruppe,7,169,90,79,3,2,1,3,2,1
03G39,Jahrgangsstufe 03,Regelklasse,3,66,28,38,1,0,1,1,0,1
03G39,Jahrgangsstufe 04,Regelklasse,3,71,43,28,0,0,0,0,0,0
03G39,Jahrgangsstufe 05,Regelklasse,3,56,32,24,0,0,0,0,0,0
03G39,Jahrgangsstufe 06,Regelklasse,2,45,21,24,1,0,1,1,0,1
03G39,Schulanfangsphase,Jahrgangsbezogene Lerngruppe,6,138,74,64,3,3,0,4,3,1
03G40,Jahrgangsstufe 03,Regelklasse,1,20,11,9,0,0,0,3,2,1
03G40,Jahrgangsstufe 04,Jahrgangsübergreifende Lerngruppe,2,40,15,25,0,0,0,4,2,2
03G40,Jahrgangsstufe 04,Regelklasse,2,41,21,20,1,0,1,7,3,4
03G40,Jahrgangsstufe 04,Sonderpädagogische Kleinklasse,1,6,6,0,0,0,0,0,0,0
03G40,Jahrgangsstufe 05,Regelklasse,2,59,19,40,0,0,0,11,3,8
03G40,Jahrgangsstufe 06,Regelklasse,3,73,30,43,1,0,1,16,9,7
03G40,Schulanfangsphase,Jahrgangsübergreifende Lerngruppe,6,152,61,91,1,1,0,30,13,17
03G41,Jahrgangsstufe 03,Lerngruppen für Neuzugänge ohne Deutschkenntnisse,1,14,4,10,14,4,10,14,4,10
03G41,Jahrgangsstufe 03,Regelklasse,3,72,39,33,9,4,5,19,8,11
03G41,Jahrgangsstufe 04,Regelklasse,3,63,31,32,7,7,0,13,9,4
03G41,Jahrgangsstufe 05,Regelklasse,3,63,31,32,15,7,8,19,9,10
03G41,Jahrgangsstufe 06,Lerngruppen für Neuzugänge ohne Deutschkenntnisse,1,14,8,6,14,8,6,14,8,6
03G41,Jahrgangsstufe 06,Regelklasse,3,67,26,41,3,2,1,17,8,9
03G41,Schulanfangsphase,Jahrgangsbezogene Lerngruppe,6,145,68,77,19,8,11,39,16,23
03G43,Jahrgangsstufe 03,Regelklasse,3,71,40,31,0,0,0,4,2,2
03G43,Jahrgangsstufe 04,Regelklasse,3,80,39,41,0,0,0,3,2,1
03G43,Jahrgangsstufe 05,Regelklasse,2,44,27,17,0,0,0,5,3,2
03G43,Jahrgangsstufe 06,Regelklasse,2,45,19,26,0,0,0,2,1,1
03G43,Schulanfangsphase,Jahrgangsübergreifende Lerngruppe,6,143,80,63,4,2,2,15,6,9
03G44,Jahrgangsstufe 03,Regelklasse,2,53,29,24,1,1,0,2,2,0
03G44,Jahrgangsstufe 04,Regelklasse,2,49,26,23,1,1,0,3,2,1
03G44,Jahrgangsstufe 05,Regelklasse,2,33,20,13,0,0,0,2,2,0
03G44,Jahrgangsstufe 06,Regelklasse,1,26,12,14,0,0,0,1,0,1
03G44,Schulanfangsphase,Jahrgangsbezogene Lerngruppe,1,22,8,14,0,0,0,0,0,0
03G44,Schulanfangsphase,Jahrgangsübergreifende Lerngruppe,4,95,45,50,1,1,0,6,3,3
03G45,Jahrgangsstufe 03,Regelklasse,1,28,18,10,2,1,1,3,1,2
03G45,Schulanfangsphase,Jahrgangsübergreifende Lerngruppe,4,92,52,40,6,2,4,20,12,8
03G46,Jahrgangsstufe 03,Regelklasse,2,46,19,27,1,0,1,12,5,7
03G46,Schulanfangsphase,Jahrgangsbezogene Lerngruppe,4,95,46,49,2,0,2,17,10,7
03G47,Jahrgangsstufe 04,Jahrgangsübergreifende Lerngruppe,2,42,21,21,0,0,0,5,2,3
03G47,Jahrgangsstufe 05,Regelklasse,1,23,9,14,1,0,1,2,0,2
03G47,Jahrgangsstufe 06,Regelklasse,1,21,12,9,0,0,0,0,0,0
03G47,Schulanfangsphase,Jahrgangsübergreifende Lerngruppe,2,54,27,27,2,1,1,4,2,2
03K01,1. Kurshalbjahr,Regelklasse (Kurshalbjahre),0,72,28,44,9,7,2,10,8,2
03K01,3. Kurshalbjahr,Regelklasse (Kurshalbjahre),0,100,49,51,15,8,7,29,15,14
03K01,E-Phase,Gymnasiale Oberstufe gem. § 5 VO-GO,2,56,22,34,5,3,2,12,6,6
03K01,E-Phase,Klasse der Staatlichen Europaschule,1,19,11,8,7,5,2,15,10,5
03K01,E-Phase,Regelklasse,1,27,14,13,0,0,0,4,3,1
03K01,Jahrgangsstufe 07,Klasse der Staatlichen Europaschule,1,15,7,8,10,4,6,10,4,6
03K01,Jahrgangsstufe 07,Regelklasse,5,130,66,64,4,2,2,3,2,1
03K01,Jahrgangsstufe 08,Klasse der Staatlichen Europaschule,1,24,14,10,12,7,5,12,7,5
03K01,Jahrgangsstufe 08,Regelklasse,5,130,64,66,6,3,3,7,4,3
03K01,Jahrgangsstufe 09,Klasse der Staatlichen Europaschule,2,31,10,21,10,5,5,10,5,5
03K01,Jahrgangsstufe 09,Regelklasse,4,105,54,51,11,6,5,7,4,3
03K01,Jahrgangsstufe 10,Klasse der Staatlichen Europaschule,1,28,11,17,15,4,11,15,4,11
03K01,Jahrgangsstufe 10,Regelklasse,5,139,71,68,12,5,7,13,6,7
03K02,1. Kurshalbjahr,Regelklasse (Kurshalbjahre),0,90,47,43,7,5,2,6,2,4
03K02,3. Kurshalbjahr,Regelklasse (Kurshalbjahre),0,86,36,50,10,3,7,0,0,0
03K02,E-Phase,Gymnasiale Oberstufe gem. § 5 VO-GO,1,26,13,13,3,1,2,3,1,2
03K02,E-Phase,Regelklasse,3,81,33,48,5,3,2,7,3,4
03K02,Jahrgangsstufe 07,Regelklasse,6,131,69,62,2,1,1,4,1,3
03K02,Jahrgangsstufe 08,Regelklasse,6,130,63,67,5,1,4,6,4,2
03K02,Jahrgangsstufe 09,Regelklasse,5,105,53,52,4,2,2,15,8,7
03K02,Jahrgangsstufe 10,Regelklasse,6,125,55,70,5,3,2,15,8,7
03K03,Jahrgangsstufe 07,Regelklasse,4,95,48,47,0,0,0,1,0,1
03K03,Jahrgangsstufe 08,Regelklasse,4,104,58,46,3,0,3,7,4,3
03K03,Jahrgangsstufe 09,Regelklasse,4,104,67,37,0,0,0,4,4,0
03K03,Jahrgangsstufe 10,Regelklasse,4,115,53,62,1,1,0,3,1,2
03K04,Jahrgangsstufe 07,Regelklasse,4,103,61,42,10,7,3,16,13,3
03K04,Jahrgangsstufe 08,Regelklasse,7,174,100,74,9,5,4,18,11,7
03K04,Jahrgangsstufe 09,Produktives Lernen,1,21,11,10,4,3,1,5,4,1
03K04,Jahrgangsstufe 09,Regelklasse,4,104,63,41,12,10,2,13,11,2
03K04,Jahrgangsstufe 10,Produktives Lernen,1,12,6,6,1,0,1,1,0,1
03K04,Jahrgangsstufe 10,Regelklasse,1,26,16,10,4,1,3,7,4,3
03K04,Jahrgangsstufe 10,Regelklasse,1,17,12,5,0,0,0,3,1,2
03K05,Jahrgangsstufe 07,Regelklasse,4,103,50,53,4,3,1,5,4,1
03K05,Jahrgangsstufe 08,Regelklasse,4,105,58,47,4,2,2,7,2,5
03K05,Jahrgangsstufe 09,Regelklasse,3,78,45,33,2,0,2,10,5,5
03K05,Jahrgangsstufe 10,Regelklasse,2,44,24,20,7,4,3,10,6,4
03K06,Jahrgangsstufe 07,Regelklasse,3,78,40,38,8,4,4,17,9,8
03K06,Jahrgangsstufe 08,Regelklasse,5,130,66,64,16,6,10,27,14,13
03K06,Jahrgangsstufe 09,Produktives Lernen,2,36,14,22,1,0,1,2,1,1
03K06,Jahrgangsstufe 09,Regelklasse,3,80,46,34,4,1,3,14,8,6
03K06,Jahrgangsstufe 10,Regelklasse,2,41,23,18,15,8,7,18,9,9
03K07,Jahrgangsstufe 07,Regelklasse,3,75,46,29,5,3,2,3,2,1
03K07,Jahrgangsstufe 08,Regelklasse,3,78,55,23,11,7,4,15,10,5
03K07,Jahrgangsstufe 09,Lerngruppen für Neuzugänge ohne Deutschkenntnisse,3,37,13,24,37,13,24,37,13,24
03K07,Jahrgangsstufe 09,Regelklasse,3,78,43,35,15,5,10,14,4,10
03K07,Jahrgangsstufe 10,Regelklasse,2,61,31,30,6,3,3,6,3,3
03K07,Schulanfangsphase,Jahrgangsbezogene Lerngruppe,2,27,18,9,0,0,0,2,1,1
03K08,Jahrgangsstufe 07,Regelklasse,4,103,55,48,3,2,1,0,0,0
03K08,Jahrgangsstufe 08,Regelklasse,4,104,53,51,2,2,0,1,1,0
03K08,Jahrgangsstufe 09,Regelklasse,4,105,55,50,4,3,1,7,3,4
03K08,Jahrgangsstufe 10,Regelklasse,4,115,65,50,3,3,0,6,6,0
03K09,Jahrgangsstufe 07,Regelklasse,3,78,42,36,2,1,1,11,7,4
03K09,Jahrgangsstufe 08,Regelklasse,4,104,65,39,10,9,1,19,15,4
03K09,Jahrgangsstufe 09,Regelklasse,3,78,50,28,3,2,1,13,10,3
03K09,Jahrgangsstufe 10,Regelklasse,4,116,59,57,7,1,6,21,8,13
03K10,Jahrgangsstufe 07,Regelklasse,4,98,63,35,3,2,1,15,10,5
03K10,Jahrgangsstufe 08,Regelklasse,4,104,57,47,2,1,1,4,2,2
03K10,Jahrgangsstufe 09,Produktives Lernen,1,25,17,8,1,1,0,3,3,0
03K10,Jahrgangsstufe 09,Regelklasse,3,78,39,39,3,1,2,5,1,4
03K10,Jahrgangsstufe 10,Produktives Lernen,1,12,4,8,0,0,0,1,1,0
03K10,Jahrgangsstufe 10,Regelklasse,3,49,21,28,1,0,1,2,0,2
03K11,Jahrgangsstufe 03,Jahrgangsübergreifende Lerngruppe,9,234,135,99,16,12,4,23,15,8
03K11,Jahrgangsstufe 05,Jahrgangsübergreifende Lerngruppe,3,51,29,22,2,2,0,4,2,2
03K11,Jahrgangsstufe 06,Jahrgangsübergreifende Lerngruppe,6,158,83,75,9,5,4,13,8,5
03K11,Jahrgangsstufe 07,Regelklasse,2,52,26,26,0,0,0,0,0,0
03K12,1. Kurshalbjahr,Regelklasse (Kurshalbjahre),0,56,30,26,0,0,0,0,0,0
03K12,3. Kurshalbjahr,Regelklasse (Kurshalbjahre),0,48,22,26,0,0,0,0,0,0
03K12,E-Phase,Regelklasse,2,49,19,30,1,0,1,0,0,0
03K12,Jahrgangsstufe 10,Regelklasse,4,118,58,60,1,0,1,3,1,2
03P02,Jahrgangsstufe 04,Regelklasse,1,22,16,6,0,0,0,0,0,0
03P02,Jahrgangsstufe 05,Regelklasse,1,13,9,4,2,1,1,1,0,1
03P02,Jahrgangsstufe 06,Regelklasse,1,13,6,7,0,0,0,0,0,0
03P02,Schulanfangsphase,Jahrgangsbezogene Lerngruppe,2,35,21,14,0,0,0,0,0,0
03P02,Schulanfangsphase,Jahrgangsübergreifende Lerngruppe,2,36,20,16,1,1,0,0,0,0
03P03,Jahrgangsstufe 03,Regelklasse,3,67,40,27,5,2,3,5,2,3
03P03,Jahrgangsstufe 04,Regelklasse,3,62,35,27,1,0,1,4,1,3
03P03,Jahrgangsstufe 05,Regelklasse,2,43,18,25,1,1,0,1,1,0
03P03,Jahrgangsstufe 06,Regelklasse,3,54,24,30,0,0,0,0,0,0
03P03,Jahrgangsstufe 07,Regelklasse,1,24,12,12,0,0,0,0,0,0
03P03,Jahrgangsstufe 08,Regelklasse,1,24,13,11,0,0,0,1,1,0
03P03,Jahrgangsstufe 09,Regelklasse,1,24,12,12,1,1,0,1,1,0
03P03,Jahrgangsstufe 10,Regelklasse,1,26,13,13,1,0,1,0,0,0
03P03,Schulanfangsphase,Jahrgangsbezogene Lerngruppe,4,96,48,48,5,4,1,8,4,4
03P10,1. Kurshalbjahr,Regelklasse (Kurshalbjahre),0,63,26,37,0,0,0,0,0,0
03P10,3. Kurshalbjahr,Regelklasse (Kurshalbjahre),0,69,31,38,0,0,0,0,0,0
03P10,Jahrgangsstufe 05,Altsprachlicher Bildungsgang,2,60,25,35,0,0,0,0,0,0
03P10,Jahrgangsstufe 06,Altsprachlicher Bildungsgang,2,57,13,44,0,0,0,1,1,0
03P10,Jahrgangsstufe 07,Altsprachlicher Bildungsgang,2,60,28,32,0,0,0,0,0,0
03P10,Jahrgangsstufe 07,Regelklasse,1,32,14,18,1,1,0,0,0,0
03P10,Jahrgangsstufe 08,Altsprachlicher Bildungsgang,2,62,29,33,0,0,0,0,0,0
03P10,Jahrgangsstufe 08,Regelklasse,2,60,27,33,0,0,0,0,0,0
03P10,Jahrgangsstufe 09,Altsprachlicher Bildungsgang,2,56,25,31,0,0,0,0,0,0
03P10,Jahrgangsstufe 09,Regelklasse,1,32,10,22,0,0,0,2,0,2
03P10,Jahrgangsstufe 10,Altsprachlicher Bildungsgang,2,59,22,37,2,1,1,0,0,0
03P10,Jahrgangsstufe 10,Regelklasse,1,32,16,16,0,0,0,0,0,0
03P11,Abschlussstufe,Regelklasse,3,18,10,8,0,0,0,0,0,0
03P11,Eingangsstufe,Regelklasse,2,11,8,3,0,0,0,0,0,0
03P11,Mittelstufe,Regelklasse,4,23,14,9,1,0,1,2,0,2
03P11,Oberstufe,Regelklasse,4,24,13,11,1,0,1,1,0,1
03P11,Unterstufe,Regelklasse,3,18,11,7,0,0,0,1,1,0
03P12,Jahrgangsstufe 03,Regelklasse,2,48,25,23,0,0,0,0,0,0
03P12,Jahrgangsstufe 04,Regelklasse,2,49,25,24,0,0,0,0,0,0
03P12,Jahrgangsstufe 05,Regelklasse,2,48,25,23,0,0,0,0,0,0
03P12,Jahrgangsstufe 06,Regelklasse,2,49,22,27,0,0,0,0,0,0
03P12,Schulanfangsphase,Jahrgangsbezogene Lerngruppe,4,97,46,51,0,0,0,0,0,0
03P13,Jahrgangsstufe 03,Regelklasse,1,9,5,4,0,0,0,0,0,0
03P13,Jahrgangsstufe 06,Regelklasse,3,24,12,12,0,0,0,1,1,0
03P13,Jahrgangsstufe 07,Regelklasse,1,3,1,2,0,0,0,0,0,0
03P13,Schulanfangsphase,Jahrgangsbezogene Lerngruppe,2,18,8,10,0,0,0,5,3,2
03P14,Jahrgangsstufe 03,Jahrgangsübergreifende Lerngruppe,2,43,21,22,2,1,1,3,1,2
03P14,Jahrgangsstufe 06,Jahrgangsübergreifende Lerngruppe,2,35,21,14,2,0,2,2,0,2
03P18,Jahrgangsstufe 03,Regelklasse,3,60,36,24,1,1,0,1,1,0
03P18,Jahrgangsstufe 04,Regelklasse,3,50,29,21,0,0,0,0,0,0
03P18,Jahrgangsstufe 05,Regelklasse,2,31,19,12,0,0,0,0,0,0
03P18,Jahrgangsstufe 06,Regelklasse,1,20,6,14,0,0,0,0,0,0
03P18,Schulanfangsphase,Jahrgangsbezogene Lerngruppe,6,98,53,45,3,1,2,4,2,2
03P20,Jahrgangsstufe 03,Regelklasse,3,61,24,37,0,0,0,1,1,0
03P20,Jahrgangsstufe 04,Regelklasse,2,46,24,22,0,0,0,0,0,0
03P20,Jahrgangsstufe 05,Regelklasse,2,34,16,18,0,0,0,3,1,2
03P20,Jahrgangsstufe 06,Regelklasse,1,24,15,9,0,0,0,2,0,2
03P20,Jahrgangsstufe 07,Regelklasse,1,12,8,4,0,0,0,0,0,0
03P20,Jahrgangsstufe 08,Regelklasse,1,14,6,8,0,0,0,0,0,0
03P20,Schulanfangsphase,Jahrgangsbezogene Lerngruppe,6,129,74,55,0,0,0,9,3,6
03P21,Jahrgangsstufe 03,Jahrgangsübergreifende Lerngruppe,2,46,21,25,0,0,0,0,0,0
03P21,Jahrgangsstufe 06,Jahrgangsübergreifende Lerngruppe,2,46,17,29,0,0,0,0,0,0
03P22,Jahrgangsstufe 07,Regelklasse,1,17,12,5,1,1,0,0,0,0
03P22,Jahrgangsstufe 08,Regelklasse,1,24,14,10,1,1,0,0,0,0
03P22,Jahrgangsstufe 09,Regelklasse,1,18,11,7,1,1,0,0,0,0
03P22,Jahrgangsstufe 10,Regelklasse,1,16,7,9,1,1,0,0,0,0
03P23,Jahrgangsstufe 04,Jahrgangsübergreifende Lerngruppe,1,18,8,10,0,0,0,0,0,0
03P23,Jahrgangsstufe 06,Jahrgangsübergreifende Lerngruppe,1,12,5,7,0,0,0,0,0,0
03P23,Schulanfangsphase,Jahrgangsübergreifende Lerngruppe,1,19,11,8,0,0,0,0,0,0
03P24,Jahrgangsstufe 03,Jahrgangsübergreifende Lerngruppe,1,8,6,2,0,0,0,0,0,0
03P24,Jahrgangsstufe 06,Jahrgangsübergreifende Lerngruppe,1,10,8,2,0,0,0,0,0,0
03P24,Jahrgangsstufe 08,Regelklasse,1,14,8,6,0,0,0,0,0,0
03P24,Jahrgangsstufe 09,Regelklasse,1,6,6,0,0,0,0,0,0,0
03P24,Jahrgangsstufe 10,Regelklasse,1,1,1,0,0,0,0,0,0,0
03P26,Jahrgangsstufe 03,Regelklasse,1,10,6,4,3,1,2,3,1,2
03P26,Jahrgangsstufe 04,Regelklasse,1,6,4,2,1,1,0,2,1,1
03P26,Jahrgangsstufe 05,Regelklasse,2,12,6,6,2,0,2,5,2,3
03P26,Schulanfangsphase,Jahrgangsbezogene Lerngruppe,2,15,4,11,4,1,3,2,0,2
03P28,Jahrgangsstufe 03,Regelklasse,1,18,9,9,1,0,1,1,0,1
03P28,Jahrgangsstufe 07,Regelklasse,1,20,13,7,0,0,0,0,0,0
03P28,Jahrgangsstufe 08,Regelklasse,1,19,4,15,2,1,1,2,1,1
03P28,Jahrgangsstufe 09,Regelklasse,2,35,26,9,0,0,0,0,0,0
03P28,Schulanfangsphase,Jahrgangsbezogene Lerngruppe,2,44,20,24,3,2,1,3,2,1
03P30,Jahrgangsstufe 03,Regelklasse,1,21,12,9,1,1,0,0,0,0
03P30,Jahrgangsstufe 04,Regelklasse,1,22,10,12,2,1,1,2,1,1
03P30,Jahrgangsstufe 05,Regelklasse,1,26,12,14,0,0,0,6,3,3
03P30,Jahrgangsstufe 06,Regelklasse,1,22,9,13,0,0,0,2,0,2
03P30,Schulanfangsphase,Jahrgangsbezogene Lerngruppe,2,42,22,20,0,0,0,0,0,0
03P30,Schulanfangsphase,Jahrgangsübergreifende Lerngruppe,1,26,17,9,0,0,0,0,0,0
03S01,Jahrgangsstufe 06,Jahrgangsübergreifende Lerngruppe,1,12,6,6,1,0,1,1,0,1
03S01,Jahrgangsstufe 07,Regelklasse,1,7,5,2,1,0,1,2,1,1
03S01,Jahrgangsstufe 08,Regelklasse,1,8,6,2,0,0,0,2,1,1
03S01,Jahrgangsstufe 09,Regelklasse,1,6,5,1,0,0,0,1,1,0
03S01,Jahrgangsstufe 10,Regelklasse,1,12,8,4,1,1,0,1,1,0
03S03,Abschlussstufe,Regelklasse,5,30,20,10,6,4,2,12,7,5
03S03,Eingangsstufe,Regelklasse,2,10,5,5,2,1,1,5,3,2
03S03,Mittelstufe,Regelklasse,7,41,24,17,5,2,3,13,8,5
03S03,Oberstufe,Regelklasse,5,31,20,11,9,6,3,13,8,5
03S03,Unterstufe,Regelklasse,6,33,23,10,5,4,1,15,8,7
03S06,Jahrgangsstufe 03,Regelklasse,1,11,5,6,0,0,0,1,1,0
03S06,Jahrgangsstufe 04,Regelklasse,1,10,7,3,0,0,0,0,0,0
03S06,Jahrgangsstufe 05,Regelklasse,1,9,5,4,0,0,0,0,0,0
03S06,Jahrgangsstufe 06,Regelklasse,1,11,6,5,0,0,0,1,1,0
03S06,Jahrgangsstufe 07,Regelklasse,1,13,5,8,0,0,0,1,0,1
03S06,Jahrgangsstufe 08,Regelklasse,1,11,7,4,1,1,0,1,1,0
03S06,Jahrgangsstufe 09,Regelklasse,1,13,8,5,0,0,0,0,0,0
03S06,Jahrgangsstufe 10,Regelklasse,1,10,4,6,0,0,0,0,0,0
03S07,Jahrgangsstufe 04,Regelklasse,1,12,6,6,0,0,0,0,0,0
03S07,Jahrgangsstufe 05,Regelklasse,1,13,7,6,0,0,0,0,0,0
03S07,Jahrgangsstufe 06,Regelklasse,3,31,20,11,0,0,0,0,0,0
03S07,Jahrgangsstufe 07,Regelklasse,3,30,22,8,0,0,0,0,0,0
03S07,Jahrgangsstufe 08,Regelklasse,3,32,16,16,1,1,0,1,1,0
03S07,Jahrgangsstufe 09,Regelklasse,1,10,7,3,1,1,0,1,1,0
03S07,Jahrgangsstufe 10,Regelklasse,4,37,24,13,0,0,0,0,0,0
03S08,Abschlussstufe,Regelklasse,3,29,11,18,8,3,5,8,3,5
03S08,Eingangsstufe,Regelklasse,3,15,12,3,0,0,0,0,0,0
03S08,Mittelstufe,Regelklasse,3,17,13,4,4,4,0,4,4,0
03S08,Oberstufe,Regelklasse,3,18,16,2,3,2,1,3,2,1
03S08,Unterstufe,Regelklasse,6,32,22,10,6,3,3,6,3,3
03S09,Jahrgangsstufe 04,Jahrgangsübergreifende Lerngruppe,4,46,33,13,0,0,0,7,5,2
03S09,Schulanfangsphase,Jahrgangsbezogene Lerngruppe,1,12,8,4,0,0,0,3,3,0
03S09,Schulanfangsphase,Jahrgangsübergreifende Lerngruppe,7,80,54,26,3,1,2,20,13,7
03S10,Jahrgangsstufe 03,Regelklasse,3,23,18,5,0,0,0,1,1,0
03S10,Jahrgangsstufe 04,Regelklasse,2,16,12,4,0,0,0,1,1,0
03S10,Jahrgangsstufe 05,Regelklasse,2,13,8,5,0,0,0,0,0,0
03S10,Jahrgangsstufe 06,Regelklasse,2,17,10,7,0,0,0,0,0,0
03S10,Jahrgangsstufe 07,Regelklasse,2,13,11,2,0,0,0,0,0,0
03S10,Jahrgangsstufe 08,Regelklasse,2,12,9,3,0,0,0,0,0,0
03S10,Jahrgangsstufe 09,Regelklasse,2,14,10,4,0,0,0,0,0,0
03S10,Jahrgangsstufe 10,Regelklasse,1,7,6,1,0,0,0,0,0,0
03S10,Oberstufe,Regelklasse,1,6,6,0,0,0,0,0,0,0
03S10,Schulanfangsphase,Jahrgangsbezogene Lerngruppe,4,24,16,8,0,0,0,1,0,1
03S11,Jahrgangsstufe 06,Regelklasse,1,10,9,1,0,0,0,0,0,0
03S11,Jahrgangsstufe 07,Regelklasse,1,8,8,0,1,1,0,1,1,0
03S11,Jahrgangsstufe 08,Regelklasse,1,13,8,5,1,0,1,1,0,1
03S11,Jahrgangsstufe 09,Regelklasse,2,13,4,9,0,0,0,0,0,0
03S11,Jahrgangsstufe 10,Regelklasse,1,12,10,2,1,1,0,1,1,0
03Y03,1. Kurshalbjahr,Regelklasse (Kurshalbjahre),0,142,73,69,9,1,8,8,1,7
03Y03,3. Kurshalbjahr,Regelklasse (Kurshalbjahre),0,105,55,50,6,2,4,8,3,5
03Y03,Jahrgangsstufe 05,Regelklasse,2,60,46,14,0,0,0,3,3,0
03Y03,Jahrgangsstufe 06,Regelklasse,2,55,37,18,3,2,1,2,2,0
03Y03,Jahrgangsstufe 07,Regelklasse,4,123,82,41,5,4,1,5,4,1
03Y03,Jahrgangsstufe 08,Regelklasse,3,93,65,28,6,4,2,9,5,4
03Y03,Jahrgangsstufe 09,"Klasse ""achtjähriges Gymnasium""",2,49,34,15,2,2,0,2,2,0
03Y03,Jahrgangsstufe 09,Regelklasse,2,63,41,22,1,0,1,2,1,1
03Y03,Jahrgangsstufe 10,"Klasse ""achtjähriges Gymnasium""",1,30,18,12,4,0,4,4,2,2
03Y03,Jahrgangsstufe 10,Regelklasse,2,60,42,18,7,5,2,6,5,1
03Y04,1. Kurshalbjahr,Regelklasse (Kurshalbjahre),0,135,60,75,5,2,3,6,4,2
03Y04,3. Kurshalbjahr,Regelklasse (Kurshalbjahre),0,94,39,55,5,1,4,5,1,4
03Y04,Jahrgangsstufe 05,Regelklasse,1,29,11,18,0,0,0,0,0,0
03Y04,Jahrgangsstufe 06,Regelklasse,1,28,11,17,1,0,1,0,0,0
03Y04,Jahrgangsstufe 07,Regelklasse,5,148,62,86,10,5,5,18,5,13
03Y04,Jahrgangsstufe 08,Regelklasse,5,143,63,80,3,1,2,5,3,2
03Y04,Jahrgangsstufe 09,Regelklasse,4,116,44,72,7,4,3,16,5,11
03Y04,Jahrgangsstufe 10,Regelklasse,6,162,63,99,7,4,3,7,5,2
03Y08,1. Kurshalbjahr,Regelklasse (Kurshalbjahre),0,156,65,91,2,1,1,4,2,2
03Y08,3. Kurshalbjahr,Regelklasse (Kurshalbjahre),0,150,63,87,5,3,2,5,2,3
03Y08,Jahrgangsstufe 07,Regelklasse,5,160,63,97,3,3,0,4,2,2
03Y08,Jahrgangsstufe 08,Regelklasse,6,192,87,105,1,1,0,3,3,0
03Y08,Jahrgangsstufe 09,Regelklasse,5,158,67,91,5,3,2,9,6,3
03Y08,Jahrgangsstufe 10,Regelklasse,5,154,68,86,2,1,1,2,1,1
03Y10,1. Kurshalbjahr,Regelklasse (Kurshalbjahre),0,160,69,91,6,2,4,7,3,4
03Y10,3. Kurshalbjahr,Regelklasse (Kurshalbjahre),0,149,80,69,3,2,1,0,0,0
03Y10,Jahrgangsstufe 05,"Klasse ""achtjähriges Gymnasium""",3,90,43,47,0,0,0,0,0,0
03Y10,Jahrgangsstufe 06,"Klasse ""achtjähriges Gymnasium""",3,91,48,43,4,0,4,2,0,2
03Y10,Jahrgangsstufe 07,"Klasse ""achtjähriges Gymnasium""",2,61,32,29,2,0,2,4,2,2
03Y10,Jahrgangsstufe 07,Regelklasse,2,63,24,39,1,0,1,7,1,6
03Y10,Jahrgangsstufe 08,Regelklasse,3,93,44,49,2,1,1,9,4,5
03Y10,Jahrgangsstufe 09,"Klasse ""achtjähriges Gymnasium""",2,62,28,34,0,0,0,0,0,0
03Y10,Jahrgangsstufe 09,Regelklasse,1,32,18,14,0,0,0,3,1,2
03Y10,Jahrgangsstufe 10,"Klasse ""achtjähriges Gymnasium""",2,57,35,22,0,0,0,2,0,2
03Y10,Jahrgangsstufe 10,Regelklasse,1,31,17,14,0,0,0,1,0,1
03Y13,1. Kurshalbjahr,Regelklasse (Kurshalbjahre),0,114,51,63,11,5,6,11,5,6
03Y13,3. Kurshalbjahr,Regelklasse (Kurshalbjahre),0,68,33,35,3,0,3,3,0,3
03Y13,Jahrgangsstufe 07,Regelklasse,4,121,52,69,2,1,1,7,6,1
03Y13,Jahrgangsstufe 08,Regelklasse,5,159,57,102,2,0,2,8,3,5
03Y13,Jahrgangsstufe 09,Regelklasse,5,152,55,97,5,1,4,9,2,7
03Y13,Jahrgangsstufe 10,Regelklasse,6,153,62,91,4,1,3,7,3,4
03Y14,1. Kurshalbjahr,Regelklasse (Kurshalbjahre),0,169,83,86,3,1,2,5,2,3
03Y14,3. Kurshalbjahr,Regelklasse (Kurshalbjahre),0,139,61,78,5,1,4,5,1,4
03Y14,Jahrgangsstufe 05,"Klasse ""achtjähriges Gymnasium""",1,22,10,12,0,0,0,6,4,2
03Y14,Jahrgangsstufe 06,"Klasse ""achtjähriges Gymnasium""",1,21,12,9,2,0,2,0,0,0
03Y14,Jahrgangsstufe 07,"Klasse ""achtjähriges Gymnasium""",1,26,11,15,0,0,0,2,1,1
03Y14,Jahrgangsstufe 07,Regelklasse,4,120,57,63,2,1,1,4,3,1
03Y14,Jahrgangsstufe 08,Regelklasse,7,196,90,106,11,4,7,14,5,9
03Y14,Jahrgangsstufe 09,Regelklasse,6,172,71,101,4,4,0,8,3,5
03Y14,Jahrgangsstufe 10,Regelklasse,5,146,66,80,3,3,0,0,0,0
03Y15,1. Kurshalbjahr,Regelklasse (Kurshalbjahre),0,136,68,68,0,0,0,0,0,0
03Y15,3. Kurshalbjahr,Regelklasse (Kurshalbjahre),0,84,46,38,0,0,0,0,0,0
03Y15,Jahrgangsstufe 07,Regelklasse,5,160,77,83,1,0,1,16,7,9
03Y15,Jahrgangsstufe 08,Regelklasse,7,214,104,110,5,3,2,4,2,2
03Y15,Jahrgangsstufe 09,Regelklasse,5,153,93,60,2,0,2,4,2,2
03Y15,Jahrgangsstufe 10,Regelklasse,5,133,65,68,3,2,1,6,2,4
03Y16,Jahrgangsstufe 07,Regelklasse,7,207,90,117,0,0,0,0,0,0
03Y16,Jahrgangsstufe 08,Regelklasse,7,213,102,111,0,0,0,7,4,3
03Y16,Jahrgangsstufe 09,Regelklasse,7,196,83,113,1,0,1,0,0,0
03Y16,Jahrgangsstufe 10,Regelklasse,3,83,40,43,1,0,1,3,1,2
04A08,1. Kurshalbjahr,Regelklasse (Kurshalbjahre),0,59,43,16,1,1,0,1,1,0
04A08,2. Kurshalbjahr,Regelklasse (Kurshalbjahre),0,72,54,18,3,2,1,3,2,1
04A08,3. Kurshalbjahr,Regelklasse (Kurshalbjahre),0,53,34,19,2,2,0,3,2,1
04A08,Jahrgangsstufe 07,Regelklasse,4,66,48,18,2,1,1,13,10,3
04A08,Jahrgangsstufe 08,Regelklasse,4,78,50,28,0,0,0,8,4,4
04A08,Jahrgangsstufe 09,Regelklasse,4,64,43,21,2,1,1,2,1,1
04A08,Jahrgangsstufe 10,Regelklasse,4,76,53,23,5,4,1,6,5,1
04G01,Jahrgangsstufe 03,Regelklasse,3,74,34,40,19,10,9,44,25,19
04G01,Jahrgangsstufe 04,Regelklasse,3,66,28,38,18,10,8,31,15,16
04G01,Jahrgangsstufe 05,Regelklasse,3,70,34,36,13,8,5,40,17,23
04G01,Jahrgangsstufe 06,Regelklasse,3,67,36,31,13,9,4,39,23,16
04G01,Schulanfangsphase,Jahrgangsbezogene Lerngruppe,6,135,65,70,56,28,28,80,42,38
04G02,Jahrgangsstufe 03,Regelklasse,2,56,32,24,2,1,1,27,19,8
04G02,Jahrgangsstufe 04,Regelklasse,2,45,26,19,3,2,1,18,11,7
04G02,Jahrgangsstufe 05,Regelklasse,2,50,29,21,6,1,5,25,15,10
04G02,Jahrgangsstufe 06,Regelklasse,2,41,21,20,4,3,1,18,11,7
04G02,Schulanfangsphase,Jahrgangsübergreifende Lerngruppe,6,141,79,62,14,8,6,48,34,14
04G04,Jahrgangsstufe 03,Jahrgangsübergreifende Lerngruppe,6,133,68,65,27,12,15,100,46,54
04G04,Jahrgangsstufe 03,Klasse der Staatlichen Europaschule,3,74,32,42,11,4,7,40,18,22
04G04,Jahrgangsstufe 04,Klasse der Staatlichen Europaschule,3,77,45,32,19,11,8,39,24,15
04G04,Jahrgangsstufe 04,Regelklasse,2,38,18,20,6,2,4,13,6,7
04G04,Jahrgangsstufe 05,Klasse der Staatlichen Europaschule,3,71,38,33,34,17,17,47,24,23
04G04,Jahrgangsstufe 05,Regelklasse,2,39,20,19,14,9,5,13,9,4
04G04,Jahrgangsstufe 06,Klasse der Staatlichen Europaschule,3,70,32,38,5,2,3,34,15,19
04G04,Jahrgangsstufe 06,Regelklasse,2,39,30,9,10,6,4,25,19,6
04G04,Schulanfangsphase,Klasse der Staatlichen Europaschule,6,156,77,79,12,6,6,109,56,53
04G05,Jahrgangsstufe 03,Jahrgangsübergreifende Lerngruppe,6,147,74,73,7,5,2,34,17,17
04G05,Jahrgangsstufe 04,Regelklasse,2,52,31,21,2,1,1,16,14,2
04G05,Jahrgangsstufe 05,Regelklasse,2,49,27,22,2,0,2,12,7,5
04G05,Jahrgangsstufe 06,Regelklasse,2,42,26,16,1,1,0,14,7,7
04G06,Jahrgangsstufe 03,Regelklasse,3,82,40,42,5,3,2,6,4,2
04G06,Jahrgangsstufe 04,Regelklasse,3,87,46,41,1,0,1,12,4,8
04G06,Jahrgangsstufe 05,Regelklasse,3,71,41,30,2,1,1,5,3,2
04G06,Jahrgangsstufe 06,Regelklasse,3,73,33,40,1,0,1,2,1,1
04G06,Schulanfangsphase,Jahrgangsübergreifende Lerngruppe,6,156,83,73,10,5,5,15,8,7
04G07,Jahrgangsstufe 03,Regelklasse,2,48,26,22,5,3,2,46,25,21
04G07,Jahrgangsstufe 04,Regelklasse,2,55,26,29,2,2,0,33,13,20
04G07,Jahrgangsstufe 05,Regelklasse,3,60,28,32,7,2,5,38,20,18
04G07,Jahrgangsstufe 06,Regelklasse,2,55,34,21,10,5,5,35,19,16
04G07,Schulanfangsphase,Jahrgangsübergreifende Lerngruppe,5,115,55,60,13,8,5,89,41,48
04G08,Jahrgangsstufe 03,Regelklasse,2,47,25,22,10,5,5,35,19,16
04G08,Jahrgangsstufe 04,Regelklasse,2,56,24,32,13,6,7,41,18,23
04G08,Jahrgangsstufe 05,Regelklasse,2,51,29,22,14,9,5,36,23,13
04G08,Jahrgangsstufe 06,Regelklasse,2,50,22,28,7,3,4,36,17,19
04G08,Schulanfangsphase,Jahrgangsübergreifende Lerngruppe,6,126,67,59,34,21,13,103,54,49
04G09,Jahrgangsstufe 03,Regelklasse,2,43,22,21,4,2,2,28,14,14
04G09,Jahrgangsstufe 04,Regelklasse,2,46,25,21,5,2,3,25,13,12
04G09,Jahrgangsstufe 05,Regelklasse,3,61,28,33,2,0,2,27,14,13
04G09,Jahrgangsstufe 06,Regelklasse,2,48,25,23,5,2,3,29,16,13
04G09,Schulanfangsphase,Jahrgangsübergreifende Lerngruppe,4,96,60,36,8,5,3,51,34,17
04G11,Jahrgangsstufe 03,Regelklasse,2,44,27,17,13,7,6,29,20,9
04G11,Jahrgangsstufe 04,Regelklasse,2,52,29,23,6,1,5,36,21,15
04G11,Jahrgangsstufe 05,Regelklasse,3,62,38,24,12,7,5,37,24,13
04G11,Jahrgangsstufe 06,Regelklasse,2,47,21,26,5,2,3,26,10,16
04G11,Schulanfangsphase,Jahrgangsübergreifende Lerngruppe,5,110,56,54,44,25,19,76,39,37
04G12,Jahrgangsstufe 03,Regelklasse,3,73,33,40,2,0,2,36,21,15
04G12,Jahrgangsstufe 04,Regelklasse,3,82,47,35,11,5,6,49,25,24
04G12,Jahrgangsstufe 05,Regelklasse,3,77,41,36,13,6,7,51,27,24
04G12,Jahrgangsstufe 06,Regelklasse,2,50,21,29,6,3,3,25,14,11
04G12,Schulanfangsphase,Jahrgangsübergreifende Lerngruppe,8,178,89,89,15,7,8,84,42,42
04G13,Jahrgangsstufe 03,Regelklasse,2,52,31,21,3,2,1,37,22,15
04G13,Jahrgangsstufe 04,Regelklasse,2,40,18,22,3,2,1,22,10,12
04G13,Jahrgangsstufe 05,Regelklasse,2,38,19,19,6,3,3,25,12,13
04G13,Jahrgangsstufe 06,Regelklasse,2,48,26,22,4,2,2,27,13,14
04G13,Schulanfangsphase,Jahrgangsübergreifende Lerngruppe,6,133,60,73,9,4,5,81,41,40
04G14,Jahrgangsstufe 03,Regelklasse,2,45,21,24,11,7,4,18,10,8
04G14,Jahrgangsstufe 04,Regelklasse,2,44,24,20,12,6,6,27,13,14
04G14,Jahrgangsstufe 05,Regelklasse,2,46,22,24,8,2,6,23,12,11
04G14,Jahrgangsstufe 06,Regelklasse,2,45,22,23,15,8,7,25,11,14
04G14,Schulanfangsphase,Jahrgangsübergreifende Lerngruppe,7,109,55,54,28,12,16,51,26,25
04G15,Jahrgangsstufe 03,Klasse der Staatlichen Europaschule,2,51,28,23,19,15,4,30,17,13
04G15,Jahrgangsstufe 03,Regelklasse,1,26,8,18,0,0,0,2,1,1
04G15,Jahrgangsstufe 04,Klasse der Staatlichen Europaschule,2,50,23,27,22,11,11,21,10,11
04G15,Jahrgangsstufe 04,Regelklasse,1,26,9,17,0,0,0,6,1,5
04G15,Jahrgangsstufe 05,Klasse der Staatlichen Europaschule,2,44,23,21,26,13,13,33,18,15
04G15,Jahrgangsstufe 05,Regelklasse,1,22,12,10,6,3,3,6,3,3
04G15,Jahrgangsstufe 06,Klasse der Staatlichen Europaschule,2,45,21,24,6,3,3,36,18,18
04G15,Jahrgangsstufe 06,Regelklasse,1,19,7,12,0,0,0,2,2,0
04G15,Schulanfangsphase,Jahrgangsübergreifende Lerngruppe,2,52,25,27,14,7,7,14,7,7
04G15,Schulanfangsphase,Klasse der Staatlichen Europaschule,4,97,49,48,47,22,25,61,30,31
04G17,Jahrgangsstufe 03,Regelklasse,3,79,45,34,4,2,2,32,13,19
04G17,Jahrgangsstufe 04,Regelklasse,4,84,40,44,12,3,9,40,17,23
04G17,Jahrgangsstufe 05,Regelklasse,4,84,35,49,7,3,4,39,14,25
04G17,Jahrgangsstufe 06,Regelklasse,3,66,31,35,9,4,5,36,19,17
04G17,Schulanfangsphase,Jahrgangsübergreifende Lerngruppe,8,186,98,88,54,27,27,79,40,39
04G18,Jahrgangsstufe 03,Regelklasse,2,40,20,20,13,6,7,24,13,11
04G18,Jahrgangsstufe 04,Regelklasse,2,50,29,21,5,3,2,22,12,10
04G18,Jahrgangsstufe 05,Regelklasse,2,42,21,21,10,5,5,25,14,11
04G18,Jahrgangsstufe 06,Regelklasse,2,46,18,28,11,5,6,17,7,10
04G18,Schulanfangsphase,Jahrgangsbezogene Lerngruppe,4,103,55,48,48,22,26,53,24,29
04G19,Jahrgangsstufe 03,Jahrgangsübergreifende Lerngruppe,11,273,150,123,15,6,9,50,27,23
04G19,Jahrgangsstufe 04,Regelklasse,4,91,44,47,4,1,3,11,5,6
04G19,Jahrgangsstufe 05,Regelklasse,4,96,48,48,2,0,2,23,14,9
04G19,Jahrgangsstufe 06,Regelklasse,4,94,42,52,5,4,1,12,4,8
04G19,Schulanfangsphase,Jahrgangsübergreifende Lerngruppe,1,24,14,10,1,1,0,5,4,1
04G20,Jahrgangsstufe 03,Klasse der Staatlichen Europaschule,2,43,19,24,29,14,15,36,16,20
04G20,Jahrgangsstufe 03,Regelklasse,1,21,12,9,9,6,3,15,10,5
04G20,Jahrgangsstufe 04,Klasse der Staatlichen Europaschule,2,30,14,16,21,11,10,24,11,13
04G20,Jahrgangsstufe 04,Regelklasse,2,32,23,9,14,8,6,18,12,6
04G20,Jahrgangsstufe 05,Klasse der Staatlichen Europaschule,2,37,20,17,24,15,9,31,17,14
04G20,Jahrgangsstufe 05,Regelklasse,1,25,15,10,11,7,4,17,9,8
04G20,Jahrgangsstufe 06,Klasse der Staatlichen Europaschule,2,31,16,15,19,8,11,23,10,13
04G20,Jahrgangsstufe 06,Regelklasse,1,21,11,10,8,4,4,14,7,7
04G20,Schulanfangsphase,Jahrgangsübergreifende Lerngruppe,3,67,33,34,36,15,21,50,25,25
04G20,Schulanfangsphase,Klasse der Staatlichen Europaschule,4,86,47,39,45,25,20,58,31,27
04G21,Jahrgangsstufe 03,Regelklasse,3,77,37,40,14,4,10,39,18,21
04G21,Jahrgangsstufe 04,Regelklasse,3,64,35,29,7,3,4,22,12,10
04G21,Jahrgangsstufe 05,Regelklasse,3,63,31,32,7,5,2,22,11,11
04G21,Jahrgangsstufe 06,Regelklasse,2,55,21,34,10,2,8,25,10,15
04G21,Schulanfangsphase,Jahrgangsübergreifende Lerngruppe,6,144,81,63,19,13,6,53,30,23
04G22,Jahrgangsstufe 03,Regelklasse,3,64,35,29,5,3,2,26,15,11
04G22,Jahrgangsstufe 04,Regelklasse,3,71,39,32,11,4,7,34,15,19
04G22,Jahrgangsstufe 05,Regelklasse,3,59,27,32,8,5,3,30,16,14
04G22,Jahrgangsstufe 06,Regelklasse,2,45,26,19,9,5,4,28,15,13
04G22,Schulanfangsphase,Jahrgangsübergreifende Lerngruppe,6,138,88,50,9,4,5,70,40,30
04G23,Jahrgangsstufe 03,Regelklasse,2,55,29,26,3,0,3,11,5,6
04G23,Jahrgangsstufe 04,Regelklasse,3,69,33,36,8,3,5,15,6,9
04G23,Jahrgangsstufe 05,Regelklasse,2,46,20,26,4,2,2,5,1,4
04G23,Jahrgangsstufe 06,Regelklasse,2,40,13,27,4,1,3,6,2,4
04G23,Schulanfangsphase,Jahrgangsbezogene Lerngruppe,2,49,26,23,3,2,1,2,1,1
04G23,Schulanfangsphase,Jahrgangsübergreifende Lerngruppe,3,71,37,34,3,3,0,6,3,3
04G24,Jahrgangsstufe 03,Regelklasse,3,83,38,45,16,9,7,19,10,9
04G24,Jahrgangsstufe 04,Regelklasse,3,80,39,41,13,6,7,32,17,15
04G24,Jahrgangsstufe 05,Regelklasse,3,57,29,28,7,6,1,20,11,9
04G24,Jahrgangsstufe 06,Regelklasse,3,71,32,39,17,10,7,25,11,14
04G24,Schulanfangsphase,Jahrgangsübergreifende Lerngruppe,6,160,82,78,31,20,11,47,25,22
04G25,Jahrgangsstufe 03,Regelklasse,3,70,40,30,10,6,4,37,20,17
04G25,Jahrgangsstufe 04,Regelklasse,3,76,47,29,10,7,3,32,22,10
04G25,Jahrgangsstufe 05,Regelklasse,2,41,23,18,8,3,5,18,11,7
04G25,Jahrgangsstufe 06,Regelklasse,2,43,21,22,5,3,2,20,11,9
04G25,Schulanfangsphase,Jahrgangsübergreifende Lerngruppe,6,137,67,70,19,12,7,61,31,30
04G26,Jahrgangsstufe 03,Jahrgangsübergreifende Lerngruppe,9,201,104,97,32,12,20,83,34,49
04G26,Jahrgangsstufe 04,Regelklasse,3,67,32,35,11,5,6,28,14,14
04G26,Jahrgangsstufe 05,Regelklasse,3,68,40,28,10,8,2,38,23,15
04G26,Jahrgangsstufe 06,Regelklasse,3,72,40,32,12,7,5,30,15,15
04G27,Jahrgangsstufe 03,Klasse der Staatlichen Europaschule,3,76,36,40,13,5,8,40,16,24
04G27,Jahrgangsstufe 04,Klasse der Staatlichen Europaschule,3,76,38,38,17,7,10,36,18,18
04G27,Jahrgangsstufe 05,Klasse der Staatlichen Europaschule,2,43,18,25,9,5,4,25,11,14
04G27,Jahrgangsstufe 06,Klasse der Staatlichen Europaschule,2,50,23,27,8,4,4,21,11,10
04G27,Schulanfangsphase,Klasse der Staatlichen Europaschule,6,162,90,72,39,21,18,77,43,34
04K02,1. Kurshalbjahr,Regelklasse (Kurshalbjahre),0,132,44,88,23,7,16,71,22,49
04K02,3. Kurshalbjahr,Regelklasse (Kurshalbjahre),0,99,48,51,24,9,15,51,17,34
04K02,E-Phase,Gymnasiale Oberstufe gem. § 5 VO-GO,1,25,17,8,8,6,2,11,10,1
04K02,E-Phase,Klasse der Staatlichen Europaschule,2,55,25,30,13,7,6,34,16,18
04K02,E-Phase,Regelklasse,1,20,11,9,5,2,3,0,0,0
04K02,Jahrgangsstufe 07,Klasse der Staatlichen Europaschule,4,78,37,41,13,6,7,57,28,29
04K02,Jahrgangsstufe 07,Regelklasse,4,75,42,33,7,4,3,58,33,25
04K02,Jahrgangsstufe 08,Klasse der Staatlichen Europaschule,4,85,46,39,21,11,10,58,31,27
04K02,Jahrgangsstufe 08,Regelklasse,5,121,57,64,30,15,15,71,39,32
04K02,Jahrgangsstufe 09,Klasse der Staatlichen Europaschule,4,94,39,55,20,8,12,72,29,43
04K02,Jahrgangsstufe 09,Produktives Lernen,1,12,9,3,7,4,3,11,8,3
04K02,Jahrgangsstufe 09,Regelklasse,4,121,65,56,15,9,6,71,39,32
04K02,Jahrgangsstufe 10,Klasse der Staatlichen Europaschule,3,64,37,27,22,16,6,50,30,20
04K02,Jahrgangsstufe 10,Regelklasse,4,105,45,60,22,8,14,48,25,23
04K03,1. Kurshalbjahr,Regelklasse (Kurshalbjahre),0,96,36,60,28,8,20,44,20,24
04K03,3. Kurshalbjahr,Regelklasse (Kurshalbjahre),0,98,48,50,35,13,22,42,20,22
04K03,E-Phase,Gymnasiale Oberstufe gem. § 5 VO-GO,1,33,17,16,11,5,6,21,10,11
04K03,E-Phase,Klasse der Staatlichen Europaschule,1,22,9,13,16,6,10,22,9,13
04K03,E-Phase,Regelklasse,1,33,15,18,4,2,2,16,9,7
04K03,Jahrgangsstufe 07,Klasse der Staatlichen Europaschule,2,31,17,14,24,15,9,31,17,14
04K03,Jahrgangsstufe 07,Regelklasse,4,98,59,39,18,9,9,56,33,23
04K03,Jahrgangsstufe 08,Klasse der Staatlichen Europaschule,2,47,25,22,32,17,15,33,17,16
04K03,Jahrgangsstufe 08,Regelklasse,4,96,67,29,24,14,10,50,32,18
04K03,Jahrgangsstufe 09,Klasse der Staatlichen Europaschule,2,47,21,26,37,19,18,47,21,26
04K03,Jahrgangsstufe 09,Lerngruppen für Neuzugänge ohne Deutschkenntnisse,1,15,6,9,15,6,9,15,6,9
04K03,Jahrgangsstufe 09,Praxislerngruppe,2,24,15,9,12,10,2,18,12,6
04K03,Jahrgangsstufe 09,Regelklasse,5,140,75,65,30,13,17,80,42,38
04K03,Jahrgangsstufe 10,Klasse der Staatlichen Europaschule,2,62,28,34,34,15,19,39,13,26
04K03,Jahrgangsstufe 10,Regelklasse,4,100,59,41,23,15,8,48,31,17
04K04,1. Kurshalbjahr,Regelklasse (Kurshalbjahre),0,94,45,49,48,27,21,50,29,21
04K04,3. Kurshalbjahr,Regelklasse (Kurshalbjahre),0,67,28,39,27,14,13,38,15,23
04K04,E-Phase,Regelklasse,2,44,20,24,11,6,5,19,10,9
04K04,Jahrgangsstufe 03,Regelklasse,3,81,41,40,34,16,18,48,21,27
04K04,Jahrgangsstufe 04,Regelklasse,3,77,37,40,44,21,23,51,25,26
04K04,Jahrgangsstufe 05,Regelklasse,4,95,45,50,28,13,15,29,15,14
04K04,Jahrgangsstufe 06,Regelklasse,4,96,47,49,37,16,21,44,20,24
04K04,Jahrgangsstufe 07,Regelklasse,4,96,43,53,35,15,20,52,22,30
04K04,Jahrgangsstufe 08,Regelklasse,4,103,53,50,47,25,22,69,35,34
04K04,Jahrgangsstufe 09,Regelklasse,4,102,43,59,34,16,18,55,25,30
04K04,Jahrgangsstufe 10,Regelklasse,5,109,48,61,48,23,25,64,27,37
04K04,Schulanfangsphase,Jahrgangsübergreifende Lerngruppe,6,149,83,66,63,31,32,62,28,34
04K05,Jahrgangsstufe 03,Jahrgangsübergreifende Lerngruppe,9,191,96,95,21,11,10,66,32,34
04K05,Jahrgangsstufe 04,Regelklasse,2,43,28,15,8,5,3,14,9,5
04K05,Jahrgangsstufe 05,Jahrgangsübergreifende Lerngruppe,3,43,22,21,5,3,2,10,4,6
04K05,Jahrgangsstufe 06,Regelklasse,1,19,14,5,3,2,1,12,9,3
04K05,Jahrgangsstufe 07,Regelklasse,4,89,58,31,12,8,4,23,15,8
04K05,Jahrgangsstufe 08,Regelklasse,4,96,59,37,16,8,8,37,22,15
04K05,Jahrgangsstufe 09,Regelklasse,3,67,40,27,13,7,6,25,18,7
04K05,Jahrgangsstufe 10,Regelklasse,4,84,42,42,10,5,5,24,12,12
04K06,Jahrgangsstufe 07,Regelklasse,3,47,26,21,12,6,6,31,17,14
04K06,Jahrgangsstufe 08,Regelklasse,4,84,52,32,21,14,7,49,30,19
04K06,Jahrgangsstufe 09,Praxislerngruppe,2,30,12,18,9,4,5,20,8,12
04K06,Jahrgangsstufe 09,Regelklasse,5,121,75,46,32,23,9,89,53,36
04K06,Jahrgangsstufe 10,Praxisklasse,1,9,6,3,1,1,0,3,2,1
04K06,Jahrgangsstufe 10,Regelklasse,4,96,52,44,28,18,10,67,38,29
04K06,Jahrgangsstufe 10,Regelklasse,2,50,36,14,15,9,6,32,22,10
04K07,Jahrgangsstufe 07,Regelklasse,6,136,76,60,31,15,16,70,37,33
04K07,Jahrgangsstufe 08,Regelklasse,9,212,138,74,41,24,17,103,66,37
04K07,Jahrgangsstufe 09,Praxislerngruppe,1,17,14,3,8,6,2,8,6,2
04K07,Jahrgangsstufe 09,Regelklasse,10,255,129,126,100,53,47,133,69,64
04K07,Jahrgangsstufe 10,Regelklasse,5,110,65,45,58,36,22,64,38,26
04K07,Jahrgangsstufe 10,Regelklasse,5,134,71,63,24,14,10,40,26,14
04K08,Jahrgangsstufe 07,Klasse der Staatlichen Europaschule,1,10,9,1,10,9,1,10,9,1
04K08,Jahrgangsstufe 07,Regelklasse,4,87,47,40,9,5,4,56,30,26
04K08,Jahrgangsstufe 08,Klasse der Staatlichen Europaschule,1,23,10,13,4,1,3,12,7,5
04K08,Jahrgangsstufe 08,Regelklasse,4,94,49,45,11,6,5,44,28,16
04K08,Jahrgangsstufe 09,Klasse der Staatlichen Europaschule,1,30,12,18,2,1,1,15,9,6
04K08,Jahrgangsstufe 09,Regelklasse,3,86,54,32,14,7,7,53,33,20
04K08,Jahrgangsstufe 10,Klasse der Staatlichen Europaschule,1,24,12,12,2,1,1,12,6,6
04K08,Jahrgangsstufe 10,Regelklasse,2,52,28,24,18,12,6,29,15,14
04P01,Jahrgangsstufe 03,Regelklasse,3,81,41,40,1,0,1,15,6,9
04P01,Jahrgangsstufe 04,Regelklasse,2,56,26,30,2,0,2,7,2,5
04P01,Jahrgangsstufe 05,Regelklasse,2,45,21,24,2,0,2,4,3,1
04P01,Jahrgangsstufe 06,Regelklasse,2,42,22,20,1,1,0,5,3,2
04P01,Schulanfangsphase,Jahrgangsbezogene Lerngruppe,4,108,67,41,2,2,0,5,2,3
04P02,Jahrgangsstufe 03,Regelklasse,2,36,19,17,0,0,0,3,1,2
04P02,Jahrgangsstufe 04,Regelklasse,2,31,16,15,7,5,2,9,6,3
04P02,Jahrgangsstufe 05,Regelklasse,1,9,2,7,1,0,1,3,0,3
04P02,Jahrgangsstufe 06,Regelklasse,1,23,15,8,1,1,0,1,1,0
04P02,Schulanfangsphase,Jahrgangsbezogene Lerngruppe,3,47,27,20,5,5,0,17,9,8
04P03,Jahrgangsstufe 03,Regelklasse,3,46,23,23,8,6,2,41,22,19
04P03,Jahrgangsstufe 04,Regelklasse,3,52,25,27,12,5,7,47,23,24
04P03,Jahrgangsstufe 05,Regelklasse,2,31,19,12,6,2,4,27,16,11
04P03,Jahrgangsstufe 06,Regelklasse,2,37,19,18,7,5,2,29,15,14
04P03,Schulanfangsphase,Jahrgangsbezogene Lerngruppe,6,116,54,62,29,11,18,101,47,54
04P04,1. Kurshalbjahr,Regelklasse (Kurshalbjahre),0,90,44,46,1,0,1,0,0,0
04P04,3. Kurshalbjahr,Regelklasse (Kurshalbjahre),0,72,38,34,2,0,2,2,0,2
04P04,Jahrgangsstufe 05,Regelklasse,1,20,9,11,6,1,5,6,1,5
04P04,Jahrgangsstufe 06,Regelklasse,1,21,11,10,2,0,2,4,1,3
04P04,Jahrgangsstufe 07,Regelklasse,4,111,51,60,3,0,3,25,11,14
04P04,Jahrgangsstufe 08,Regelklasse,4,119,60,59,6,2,4,23,12,11
04P04,Jahrgangsstufe 09,Regelklasse,4,118,53,65,6,4,2,16,8,8
04P04,Jahrgangsstufe 10,Regelklasse,4,112,46,66,4,1,3,8,4,4
04P05,Jahrgangsstufe 03,Regelklasse,2,53,21,32,8,4,4,8,4,4
04P05,Jahrgangsstufe 04,Regelklasse,2,49,25,24,6,3,3,6,3,3
04P05,Jahrgangsstufe 05,Regelklasse,2,43,17,26,1,0,1,0,0,0
04P05,Jahrgangsstufe 06,Regelklasse,2,51,25,26,0,0,0,4,4,0
04P05,Jahrgangsstufe 07,Regelklasse,2,48,23,25,2,1,1,2,1,1
04P05,Jahrgangsstufe 08,Regelklasse,2,47,22,25,2,1,1,2,1,1
04P05,Jahrgangsstufe 09,Regelklasse,2,50,30,20,2,0,2,6,3,3
04P05,Jahrgangsstufe 10,Regelklasse,2,51,21,30,3,1,2,5,2,3
04P05,Schulanfangsphase,Jahrgangsbezogene Lerngruppe,4,104,50,54,0,0,0,10,5,5
04P10,Jahrgangsstufe 03,Regelklasse,2,60,30,30,5,4,1,11,7,4
04P10,Jahrgangsstufe 04,Regelklasse,2,60,30,30,1,0,1,18,9,9
04P10,Jahrgangsstufe 05,Regelklasse,2,37,19,18,7,4,3,12,9,3
04P10,Jahrgangsstufe 06,Regelklasse,2,41,19,22,1,0,1,8,5,3
04P10,Schulanfangsphase,Jahrgangsbezogene Lerngruppe,4,118,65,53,19,12,7,44,26,18
04P11,1. Kurshalbjahr,Regelklasse (Kurshalbjahre),0,71,35,36,0,0,0,0,0,0
04P11,3. Kurshalbjahr,Regelklasse (Kurshalbjahre),0,95,41,54,1,0,1,1,0,1
04P11,Jahrgangsstufe 05,Altsprachlicher Bildungsgang,4,110,46,64,1,1,0,2,1,1
04P11,Jahrgangsstufe 06,Altsprachlicher Bildungsgang,4,98,49,49,1,0,1,1,0,1
04P11,Jahrgangsstufe 07,Altsprachlicher Bildungsgang,3,90,42,48,4,1,3,3,1,2
04P11,Jahrgangsstufe 08,Altsprachlicher Bildungsgang,3,91,45,46,1,0,1,1,0,1
04P11,Jahrgangsstufe 09,Altsprachlicher Bildungsgang,3,79,41,38,0,0,0,0,0,0
04P11,Jahrgangsstufe 10,Altsprachlicher Bildungsgang,3,83,36,47,1,0,1,3,1,2
04P12,Jahrgangsstufe 03,Regelklasse,1,21,10,11,0,0,0,0,0,0
04P12,Jahrgangsstufe 04,Regelklasse,1,11,6,5,0,0,0,0,0,0
04P12,Jahrgangsstufe 05,Regelklasse,1,19,8,11,0,0,0,0,0,0
04P12,Jahrgangsstufe 06,Regelklasse,1,27,12,15,0,0,0,0,0,0
04P12,Jahrgangsstufe 07,Regelklasse,1,17,4,13,0,0,0,0,0,0
04P12,Jahrgangsstufe 08,Regelklasse,1,21,10,11,0,0,0,0,0,0
04P12,Jahrgangsstufe 09,Regelklasse,1,20,10,10,0,0,0,0,0,0
04P12,Jahrgangsstufe 10,Regelklasse,1,18,5,13,1,0,1,0,0,0
04P12,Jahrgangsstufe 11,Regelklasse,1,18,11,7,1,1,0,1,1,0
04P12,Schulanfangsphase,Jahrgangsbezogene Lerngruppe,2,31,18,13,1,1,0,0,0,0
04P12,Schulanfangsphase,Jahrgangsübergreifende Lerngruppe,1,23,14,9,0,0,0,0,0,0
04P15,Jahrgangsstufe 06,Jahrgangsübergreifende Lerngruppe,1,22,11,11,0,0,0,5,4,1
04P18,Jahrgangsstufe 03,Regelklasse,1,30,13,17,3,3,0,4,3,1
04P18,Jahrgangsstufe 04,Regelklasse,1,27,14,13,2,0,2,6,2,4
04P18,Jahrgangsstufe 05,Regelklasse,1,26,13,13,3,2,1,0,0,0
04P18,Jahrgangsstufe 06,Regelklasse,1,29,16,13,1,0,1,6,3,3
04P18,Jahrgangsstufe 07,Regelklasse,1,30,16,14,3,2,1,6,5,1
04P18,Jahrgangsstufe 08,Regelklasse,1,29,15,14,7,3,4,5,2,3
04P18,Jahrgangsstufe 09,Regelklasse,1,21,11,10,1,0,1,3,0,3
04P18,Jahrgangsstufe 10,Regelklasse,1,19,11,8,0,0,0,1,1,0
04P18,Schulanfangsphase,Jahrgangsbezogene Lerngruppe,2,37,20,17,4,2,2,9,5,4
04P18,Schulanfangsphase,Jahrgangsübergreifende Lerngruppe,1,23,8,15,0,0,0,4,1,3
04P21,Jahrgangsstufe 04,Jahrgangsübergreifende Lerngruppe,4,91,39,52,4,2,2,0,0,0
04P21,Jahrgangsstufe 06,Jahrgangsübergreifende Lerngruppe,2,50,33,17,0,0,0,2,1,1
04P21,Schulanfangsphase,Jahrgangsübergreifende Lerngruppe,4,88,46,42,2,2,0,1,1,0
04P22,Jahrgangsstufe 03,Jahrgangsübergreifende Lerngruppe,1,25,15,10,0,0,0,3,3,0
04P22,Jahrgangsstufe 06,Jahrgangsübergreifende Lerngruppe,1,24,11,13,0,0,0,2,2,0
04P23,Jahrgangsstufe 04,Jahrgangsübergreifende Lerngruppe,1,13,7,6,4,1,3,10,6,4
04P23,Jahrgangsstufe 05,Regelklasse,1,15,6,9,6,5,1,9,6,3
04P23,Jahrgangsstufe 06,Regelklasse,1,8,3,5,4,1,3,5,2,3
04P23,Jahrgangsstufe 07,Regelklasse,1,8,1,7,5,0,5,6,1,5
04P23,Jahrgangsstufe 09,Regelklasse,1,11,5,6,9,3,6,9,3,6
04P23,Schulanfangsphase,Jahrgangsübergreifende Lerngruppe,1,15,9,6,9,4,5,10,6,4
04P24,1. Kurshalbjahr,Regelklasse (Kurshalbjahre),0,28,15,13,2,0,2,1,0,1
04P24,3. Kurshalbjahr,Regelklasse (Kurshalbjahre),0,7,5,2,0,0,0,0,0,0
04P24,Jahrgangsstufe 05,Regelklasse,2,30,20,10,3,1,2,4,2,2
04P24,Jahrgangsstufe 06,Regelklasse,2,38,15,23,3,2,1,6,2,4
04P24,Jahrgangsstufe 07,Regelklasse,2,35,14,21,2,0,2,3,1,2
04P24,Jahrgangsstufe 08,Regelklasse,2,40,22,18,2,1,1,5,3,2
04P24,Jahrgangsstufe 09,Regelklasse,2,37,19,18,2,1,1,3,0,3
04P24,Jahrgangsstufe 10,Regelklasse,2,30,16,14,1,0,1,1,0,1
04P26,Jahrgangsstufe 03,Jahrgangsübergreifende Lerngruppe,2,39,22,17,1,0,1,10,5,5
04P26,Jahrgangsstufe 06,Jahrgangsübergreifende Lerngruppe,1,21,11,10,4,0,4,6,2,4
04P27,Jahrgangsstufe 04,Jahrgangsübergreifende Lerngruppe,1,5,4,1,0,0,0,0,0,0
04P27,Jahrgangsstufe 06,Jahrgangsübergreifende Lerngruppe,1,8,7,1,0,0,0,0,0,0
04P27,Jahrgangsstufe 08,Regelklasse,1,8,6,2,0,0,0,1,1,0
04P27,Schulanfangsphase,Jahrgangsbezogene Lerngruppe,1,5,5,0,0,0,0,0,0,0
04P34,Jahrgangsstufe 04,Jahrgangsübergreifende Lerngruppe,1,13,5,8,2,1,1,2,0,2
04P35,Jahrgangsstufe 08,Regelklasse,1,19,13,6,0,0,0,0,0,0
04P35,Jahrgangsstufe 09,Regelklasse,1,11,6,5,0,0,0,0,0,0
04S01,Jahrgangsstufe 04,Jahrgangsübergreifende Lerngruppe,1,6,5,1,0,0,0,2,2,0
04S01,Jahrgangsstufe 05,Jahrgangsübergreifende Lerngruppe,1,10,8,2,2,1,1,5,3,2
04S01,Jahrgangsstufe 06,Jahrgangsübergreifende Lerngruppe,1,11,6,5,0,0,0,5,3,2
04S01,Jahrgangsstufe 07,Regelklasse,1,12,6,6,1,1,0,7,4,3
04S01,Jahrgangsstufe 08,Regelklasse,1,10,4,6,3,0,3,7,2,5
04S01,Jahrgangsstufe 09,Regelklasse,2,17,13,4,6,5,1,8,7,1
04S01,Jahrgangsstufe 10,Regelklasse,1,14,11,3,3,3,0,8,8,0
04S01,Schulanfangsphase,Jahrgangsübergreifende Lerngruppe,2,14,10,4,1,1,0,7,5,2
04S02,Abschlussstufe,Regelklasse,6,41,27,14,23,15,8,29,19,10
04S02,Eingangsstufe,Regelklasse,1,5,4,1,2,1,1,4,3,1
04S02,Mittelstufe,Regelklasse,3,17,8,9,5,2,3,13,7,6
04S02,Oberstufe,Regelklasse,8,51,32,19,29,20,9,38,26,12
04S02,Unterstufe,Regelklasse,2,11,5,6,4,1,3,9,3,6
04S03,Jahrgangsstufe 03,Regelklasse,2,19,12,7,2,2,0,6,5,1
04S03,Jahrgangsstufe 04,Regelklasse,2,20,14,6,4,4,0,9,7,2
04S03,Jahrgangsstufe 05,Regelklasse,2,17,8,9,4,2,2,3,1,2
04S03,Jahrgangsstufe 06,Regelklasse,2,16,9,7,1,1,0,1,1,0
04S03,Jahrgangsstufe 10,Regelklasse,1,14,9,5,1,1,0,2,2,0
04S03,Schulanfangsphase,Jahrgangsbezogene Lerngruppe,1,10,8,2,2,2,0,2,2,0
04S03,Schulanfangsphase,Jahrgangsübergreifende Lerngruppe,5,52,34,18,1,1,0,19,13,6
04S04,Jahrgangsstufe 03,Jahrgangsübergreifende Lerngruppe,6,145,78,67,4,2,2,9,2,7
04S04,Jahrgangsstufe 04,Jahrgangsübergreifende Lerngruppe,2,15,8,7,1,1,0,10,5,5
04S04,Jahrgangsstufe 05,Regelklasse,1,6,4,2,0,0,0,4,3,1
04S04,Jahrgangsstufe 06,Jahrgangsübergreifende Lerngruppe,5,113,67,46,1,0,1,4,2,2
04S04,Jahrgangsstufe 06,Regelklasse,1,9,5,4,1,1,0,1,1,0
04S04,Jahrgangsstufe 06,Regelklasse,1,23,14,9,0,0,0,0,0,0
04S04,Jahrgangsstufe 07,Regelklasse,1,10,7,3,0,0,0,5,3,2
04S04,Jahrgangsstufe 08,Regelklasse,1,9,5,4,4,1,3,6,3,3
04S04,Jahrgangsstufe 09,Regelklasse,1,11,7,4,4,2,2,8,5,3
04S04,Jahrgangsstufe 10,Regelklasse,1,12,8,4,2,1,1,6,4,2
04S04,Schulanfangsphase,Jahrgangsübergreifende Lerngruppe,1,12,6,6,2,0,2,10,5,5
04S05,Jahrgangsstufe 03,Regelklasse,1,5,5,0,1,1,0,2,2,0
04S05,Jahrgangsstufe 06,Jahrgangsübergreifende Lerngruppe,1,7,5,2,2,1,1,7,5,2
04S05,Jahrgangsstufe 06,Regelklasse,1,7,4,3,0,0,0,3,1,2
04S05,Jahrgangsstufe 07,Regelklasse,1,6,4,2,0,0,0,2,2,0
04S05,Jahrgangsstufe 09,Regelklasse,2,12,6,6,11,5,6,12,6,6
04S05,Jahrgangsstufe 10,Regelklasse,2,11,4,7,4,3,1,7,3,4
04S05,Mittelstufe,Regelklasse,1,5,2,3,1,0,1,2,0,2
04S05,Oberstufe,Regelklasse,2,11,4,7,8,4,4,9,4,5
04S05,Schulanfangsphase,Jahrgangsbezogene Lerngruppe,2,14,7,7,6,2,4,7,3,4
04S05,Unterstufe,Regelklasse,1,6,4,2,1,1,0,4,2,2
04S06,Abschlussstufe,Regelklasse,4,27,17,10,8,8,0,9,8,1
04S06,Eingangsstufe,Regelklasse,1,4,2,2,0,0,0,0,0,0
04S06,Mittelstufe,Regelklasse,2,13,11,2,3,1,2,7,5,2
04S06,Oberstufe,Regelklasse,5,34,19,15,8,4,4,12,7,5
04S06,Unterstufe,Regelklasse,6,33,21,12,10,9,1,12,9,3
04S07,Jahrgangsstufe 03,Regelklasse,2,40,22,18,0,0,0,4,2,2
04S07,Jahrgangsstufe 04,Jahrgangsübergreifende Lerngruppe,1,9,6,3,1,0,1,2,1,1
04S07,Jahrgangsstufe 04,Jahrgangsübergreifende Lerngruppe,1,4,4,0,3,3,0,3,3,0
04S07,Jahrgangsstufe 04,Regelklasse,2,11,9,2,4,3,1,4,3,1
04S07,Jahrgangsstufe 04,Regelklasse,2,41,17,24,0,0,0,0,0,0
04S07,Jahrgangsstufe 05,Regelklasse,3,19,17,2,2,2,0,2,2,0
04S07,Jahrgangsstufe 05,Regelklasse,1,9,6,3,1,1,0,1,1,0
04S07,Jahrgangsstufe 05,Regelklasse,2,35,20,15,0,0,0,4,3,1
04S07,Jahrgangsstufe 06,Jahrgangsübergreifende Lerngruppe,1,4,4,0,3,3,0,3,3,0
04S07,Jahrgangsstufe 06,Regelklasse,1,6,3,3,0,0,0,0,0,0
04S07,Jahrgangsstufe 06,Regelklasse,1,7,5,2,2,1,1,2,1,1
04S07,Jahrgangsstufe 06,Regelklasse,2,42,24,18,2,1,1,4,3,1
04S07,Jahrgangsstufe 07,Regelklasse,2,11,8,3,4,3,1,4,3,1
04S07,Jahrgangsstufe 07,Regelklasse,2,21,13,8,4,2,2,4,2,2
04S07,Jahrgangsstufe 08,Regelklasse,2,12,10,2,2,1,1,2,1,1
04S07,Jahrgangsstufe 08,Regelklasse,2,18,10,8,8,2,6,8,2,6
04S07,Jahrgangsstufe 09,Regelklasse,2,18,11,7,6,4,2,7,4,3
04S07,Jahrgangsstufe 09,Regelklasse,2,11,11,0,3,3,0,4,4,0
04S07,Jahrgangsstufe 10,Regelklasse,6,35,20,15,3,1,2,3,1,2
04S07,Jahrgangsstufe 10,Regelklasse,2,20,11,9,4,3,1,7,5,2
04S07,Schulanfangsphase,Jahrgangsbezogene Lerngruppe,1,7,5,2,0,0,0,0,0,0
04S07,Schulanfangsphase,Jahrgangsbezogene Lerngruppe,6,119,71,48,6,2,4,10,3,7
04Y01,1. Kurshalbjahr,Regelklasse (Kurshalbjahre),0,142,49,93,30,12,18,40,14,26
04Y01,3. Kurshalbjahr,Regelklasse (Kurshalbjahre),0,116,51,65,21,7,14,30,15,15
04Y01,Jahrgangsstufe 07,Klasse der Staatlichen Europaschule,2,61,25,36,8,5,3,22,11,11
04Y01,Jahrgangsstufe 07,Regelklasse,3,95,31,64,14,6,8,38,12,26
04Y01,Jahrgangsstufe 08,Klasse der Staatlichen Europaschule,2,60,26,34,15,8,7,24,13,11
04Y01,Jahrgangsstufe 08,Regelklasse,3,90,41,49,15,7,8,40,20,20
04Y01,Jahrgangsstufe 09,Klasse der Staatlichen Europaschule,1,29,11,18,6,1,5,14,5,9
04Y01,Jahrgangsstufe 09,Regelklasse,4,127,58,69,16,7,9,31,13,18
04Y01,Jahrgangsstufe 10,Klasse der Staatlichen Europaschule,1,17,9,8,2,1,1,5,4,1
04Y01,Jahrgangsstufe 10,Regelklasse,4,101,42,59,17,6,11,34,17,17
04Y02,1. Kurshalbjahr,Regelklasse (Kurshalbjahre),0,99,51,48,3,3,0,0,0,0
04Y02,3. Kurshalbjahr,Regelklasse (Kurshalbjahre),0,86,44,42,4,2,2,0,0,0
04Y02,Jahrgangsstufe 07,Regelklasse,4,120,72,48,3,1,2,0,0,0
04Y02,Jahrgangsstufe 08,Regelklasse,5,155,93,62,6,3,3,0,0,0
04Y02,Jahrgangsstufe 09,Regelklasse,4,120,62,58,1,0,1,0,0,0
04Y02,Jahrgangsstufe 10,Regelklasse,4,112,64,48,4,1,3,0,0,0
04Y03,1. Kurshalbjahr,Regelklasse (Kurshalbjahre),0,141,65,76,20,8,12,32,12,20
04Y03,3. Kurshalbjahr,Regelklasse (Kurshalbjahre),0,111,50,61,30,13,17,40,21,19
04Y03,Jahrgangsstufe 07,Regelklasse,5,157,58,99,18,3,15,67,27,40
04Y03,Jahrgangsstufe 08,Regelklasse,6,186,77,109,25,10,15,79,32,47
04Y03,Jahrgangsstufe 09,Regelklasse,5,146,45,101,32,10,22,62,21,41
04Y03,Jahrgangsstufe 10,Regelklasse,4,122,43,79,27,10,17,42,14,28
04Y04,1. Kurshalbjahr,Regelklasse (Kurshalbjahre),0,76,33,43,19,9,10,45,16,29
04Y04,3. Kurshalbjahr,Regelklasse (Kurshalbjahre),0,83,39,44,5,2,3,27,13,14
04Y04,Jahrgangsstufe 07,Regelklasse,4,129,52,77,9,5,4,73,29,44
04Y04,Jahrgangsstufe 08,Regelklasse,6,169,86,83,16,7,9,85,46,39
04Y04,Jahrgangsstufe 09,Regelklasse,4,124,56,68,13,6,7,42,20,22
04Y04,Jahrgangsstufe 10,Regelklasse,4,106,54,52,9,7,2,34,20,14
04Y05,1. Kurshalbjahr,Regelklasse (Kurshalbjahre),0,109,81,28,9,7,2,9,7,2
04Y05,3. Kurshalbjahr,Regelklasse (Kurshalbjahre),0,71,58,13,3,2,1,3,2,1
04Y05,Jahrgangsstufe 05,Regelklasse,1,30,26,4,6,5,1,6,5,1
04Y05,Jahrgangsstufe 06,Regelklasse,1,28,20,8,1,0,1,1,0,1
04Y05,Jahrgangsstufe 07,Regelklasse,4,116,80,36,12,9,3,12,9,3
04Y05,Jahrgangsstufe 08,Regelklasse,4,121,90,31,9,3,6,9,3,6
04Y05,Jahrgangsstufe 09,Regelklasse,4,118,91,27,2,2,0,2,2,0
04Y05,Jahrgangsstufe 10,Regelklasse,4,110,75,35,4,1,3,4,1,3
04Y06,1. Kurshalbjahr,Regelklasse (Kurshalbjahre),0,144,44,100,2,0,2,2,0,2
04Y06,3. Kurshalbjahr,Regelklasse (Kurshalbjahre),0,113,34,79,6,1,5,6,1,5
04Y06,Jahrgangsstufe 05,Regelklasse,2,64,18,46,1,0,1,16,6,10
04Y06,Jahrgangsstufe 06,Regelklasse,2,63,24,39,1,1,0,0,0,0
04Y06,Jahrgangsstufe 07,Regelklasse,4,128,46,82,1,0,1,6,4,2
04Y06,Jahrgangsstufe 08,Regelklasse,4,125,43,82,5,3,2,10,5,5
04Y06,Jahrgangsstufe 09,Regelklasse,4,125,35,90,4,1,3,15,4,11
04Y06,Jahrgangsstufe 10,Regelklasse,4,129,33,96,6,1,5,6,1,5
04Y07,1. Kurshalbjahr,Regelklasse (Kurshalbjahre),0,139,67,72,7,3,4,13,8,5
04Y07,3. Kurshalbjahr,Regelklasse (Kurshalbjahre),0,120,57,63,8,5,3,15,7,8
04Y07,Jahrgangsstufe 07,Regelklasse,4,126,77,49,1,1,0,1,1,0
04Y07,Jahrgangsstufe 08,Regelklasse,5,160,81,79,9,5,4,13,9,4
04Y07,Jahrgangsstufe 09,Regelklasse,4,125,57,68,1,0,1,1,0,1
04Y07,Jahrgangsstufe 10,Regelklasse,4,119,70,49,3,0,3,3,1,2
04Y08,1. Kurshalbjahr,Regelklasse (Kurshalbjahre),0,80,29,51,6,3,3,2,1,1
04Y08,3. Kurshalbjahr,Regelklasse (Kurshalbjahre),0,50,20,30,5,0,5,3,0,3
04Y08,Jahrgangsstufe 05,"Klasse ""achtjähriges Gymnasium""",1,30,21,9,1,1,0,8,6,2
04Y08,Jahrgangsstufe 06,"Klasse ""achtjähriges Gymnasium""",1,32,17,15,1,1,0,4,2,2
04Y08,Jahrgangsstufe 07,"Klasse ""achtjähriges Gymnasium""",2,40,18,22,0,0,0,1,0,1
04Y08,Jahrgangsstufe 07,Regelklasse,2,55,27,28,4,2,2,13,7,6
04Y08,Jahrgangsstufe 08,Regelklasse,3,83,41,42,3,3,0,14,9,5
04Y08,Jahrgangsstufe 09,"Klasse ""achtjähriges Gymnasium""",2,52,30,22,7,2,5,3,2,1
04Y08,Jahrgangsstufe 09,Regelklasse,2,60,30,30,7,2,5,12,5,7
04Y08,Jahrgangsstufe 10,"Klasse ""achtjähriges Gymnasium""",2,44,23,21,1,1,0,7,4,3
04Y08,Jahrgangsstufe 10,Regelklasse,2,60,27,33,3,1,2,4,0,4
04Y09,1. Kurshalbjahr,Regelklasse (Kurshalbjahre),0,110,68,42,15,9,6,22,14,8
04Y09,3. Kurshalbjahr,Regelklasse (Kurshalbjahre),0,96,57,39,11,8,3,24,15,9
04Y09,Jahrgangsstufe 07,Regelklasse,2,64,33,31,3,2,1,10,3,7
04Y09,Jahrgangsstufe 08,Regelklasse,4,103,66,37,15,8,7,30,17,13
04Y09,Jahrgangsstufe 09,Regelklasse,3,86,40,46,6,0,6,14,3,11
04Y09,Jahrgangsstufe 10,Lerngruppen für Neuzugänge ohne Deutschkenntnisse,1,15,7,8,15,7,8,15,7,8
04Y09,Jahrgangsstufe 10,Regelklasse,3,85,36,49,11,5,6,17,9,8
04Y10,1. Kurshalbjahr,Regelklasse (Kurshalbjahre),0,124,53,71,13,7,6,16,8,8
04Y10,3. Kurshalbjahr,Regelklasse (Kurshalbjahre),0,107,52,55,14,4,10,16,3,13
04Y10,Jahrgangsstufe 07,Regelklasse,4,125,56,69,10,5,5,31,12,19
04Y10,Jahrgangsstufe 08,Regelklasse,5,149,71,78,20,9,11,30,13,17
04Y10,Jahrgangsstufe 09,Regelklasse,4,130,69,61,4,2,2,30,13,17
04Y10,Jahrgangsstufe 10,Regelklasse,5,135,62,73,23,5,18,35,14,21
04Y11,1. Kurshalbjahr,Regelklasse (Kurshalbjahre),0,101,45,56,10,5,5,35,15,20
04Y11,3. Kurshalbjahr,Regelklasse (Kurshalbjahre),0,83,42,41,14,3,11,34,13,21
04Y11,Jahrgangsstufe 05,Altsprachlicher Bildungsgang,3,75,45,30,29,17,12,51,31,20
04Y11,Jahrgangsstufe 06,Altsprachlicher Bildungsgang,3,76,34,42,7,5,2,35,13,22
04Y11,Jahrgangsstufe 07,Altsprachlicher Bildungsgang,3,74,38,36,5,2,3,28,15,13
04Y11,Jahrgangsstufe 08,Altsprachlicher Bildungsgang,4,99,54,45,14,9,5,35,20,15
04Y11,Jahrgangsstufe 09,Altsprachlicher Bildungsgang,4,107,51,56,16,8,8,53,24,29
04Y11,Jahrgangsstufe 10,Altsprachlicher Bildungsgang,3,88,37,51,5,2,3,41,22,19
05G01,Jahrgangsstufe 03,Regelklasse,2,49,28,21,5,2,3,26,16,10
05G01,Jahrgangsstufe 04,Regelklasse,3,57,26,31,4,0,4,27,11,16
05G01,Jahrgangsstufe 05,Regelklasse,2,46,24,22,7,5,2,22,13,9
05G01,Jahrgangsstufe 06,Regelklasse,1,27,14,13,0,0,0,13,7,6
05G01,Schulanfangsphase,Jahrgangsbezogene Lerngruppe,2,38,20,18,2,2,0,18,10,8
05G01,Schulanfangsphase,Jahrgangsübergreifende Lerngruppe,2,41,23,18,0,0,0,15,9,6
05G01,Schulanfangsphase,Sonderpädagogische Kleinklasse,4,47,29,18,0,0,0,14,7,7
05G02,Jahrgangsstufe 03,Regelklasse,3,63,29,34,1,0,1,9,2,7
05G02,Jahrgangsstufe 04,Regelklasse,3,67,36,31,1,0,1,17,9,8
05G02,Jahrgangsstufe 05,Regelklasse,3,73,41,32,6,3,3,9,4,5
05G02,Jahrgangsstufe 06,Regelklasse,2,55,27,28,7,6,1,12,5,7
05G02,Schulanfangsphase,Jahrgangsbezogene Lerngruppe,6,148,74,74,19,10,9,41,19,22
05G03,Jahrgangsstufe 03,Regelklasse,2,37,16,21,8,5,3,16,5,11
05G03,Jahrgangsstufe 04,Regelklasse,2,47,24,23,5,3,2,22,11,11
05G03,Jahrgangsstufe 05,Regelklasse,2,45,23,22,6,3,3,21,10,11
05G03,Jahrgangsstufe 06,Regelklasse,2,44,23,21,3,1,2,25,12,13
05G03,Schulanfangsphase,Jahrgangsübergreifende Lerngruppe,4,91,47,44,14,9,5,57,26,31
05G04,Jahrgangsstufe 03,Regelklasse,2,52,29,23,10,6,4,33,17,16
05G04,Jahrgangsstufe 04,Regelklasse,2,44,26,18,2,1,1,21,11,10
05G04,Jahrgangsstufe 05,Regelklasse,2,50,28,22,6,4,2,29,15,14
05G04,Jahrgangsstufe 06,Regelklasse,2,52,27,25,5,2,3,23,7,16
05G04,Schulanfangsphase,Jahrgangsübergreifende Lerngruppe,4,89,47,42,12,6,6,56,29,27
05G05,Jahrgangsstufe 03,Regelklasse,3,63,35,28,11,7,4,33,20,13
05G05,Jahrgangsstufe 04,Regelklasse,3,61,28,33,6,2,4,25,9,16
05G05,Jahrgangsstufe 05,Regelklasse,2,48,19,29,8,5,3,28,13,15
05G05,Jahrgangsstufe 06,Regelklasse,2,58,32,26,8,4,4,28,15,13
05G05,Schulanfangsphase,Jahrgangsübergreifende Lerngruppe,5,123,56,67,12,7,5,50,23,27
05G06,Jahrgangsstufe 03,Regelklasse,3,72,39,33,8,3,5,52,25,27
05G06,Jahrgangsstufe 04,Regelklasse,2,50,25,25,5,4,1,39,19,20
05G06,Jahrgangsstufe 05,Regelklasse,3,73,37,36,14,7,7,46,21,25
05G06,Jahrgangsstufe 06,Regelklasse,3,77,35,42,11,7,4,57,25,32
05G06,Schulanfangsphase,Jahrgangsübergreifende Lerngruppe,6,130,64,66,23,16,7,89,47,42
05G07,Jahrgangsstufe 03,Regelklasse,2,49,31,18,11,9,2,38,26,12
05G07,Jahrgangsstufe 04,Regelklasse,2,50,22,28,6,4,2,39,16,23
05G07,Jahrgangsstufe 05,Regelklasse,3,57,26,31,11,6,5,40,18,22
05G07,Jahrgangsstufe 06,Regelklasse,2,46,22,24,9,3,6,36,18,18
05G07,Schulanfangsphase,Jahrgangsübergreifende Lerngruppe,6,134,61,73,27,11,16,101,46,55
05G08,Jahrgangsstufe 03,Regelklasse,3,71,35,36,13,7,6,41,22,19
05G08,Jahrgangsstufe 04,Regelklasse,3,69,39,30,5,2,3,39,19,20
05G08,Jahrgangsstufe 05,Regelklasse,2,54,27,27,6,4,2,26,16,10
05G08,Jahrgangsstufe 06,Regelklasse,2,52,25,27,7,3,4,24,13,11
05G08,Schulanfangsphase,Jahrgangsbezogene Lerngruppe,6,127,69,58,22,7,15,68,38,30
05G09,Jahrgangsstufe 03,Regelklasse,1,20,11,9,0,0,0,3,2,1
05G09,Jahrgangsstufe 04,Regelklasse,1,20,13,7,0,0,0,5,3,2
05G09,Jahrgangsstufe 05,Regelklasse,1,20,10,10,0,0,0,4,3,1
05G09,Jahrgangsstufe 06,Regelklasse,1,20,15,5,0,0,0,3,1,2
05G09,Schulanfangsphase,Jahrgangsübergreifende Lerngruppe,2,40,21,19,0,0,0,8,2,6
05G10,Jahrgangsstufe 03,Jahrgangsübergreifende Lerngruppe,7,160,77,83,21,6,15,124,59,65
05G10,Jahrgangsstufe 04,Regelklasse,2,46,21,25,6,2,4,33,11,22
05G10,Jahrgangsstufe 05,Regelklasse,2,53,24,29,4,2,2,36,16,20
05G10,Jahrgangsstufe 06,Regelklasse,2,46,26,20,8,3,5,32,17,15
05G11,Jahrgangsstufe 03,Lerngruppen für Neuzugänge ohne Deutschkenntnisse,1,16,7,9,16,7,9,16,7,9
05G11,Jahrgangsstufe 03,Regelklasse,3,75,39,36,6,2,4,46,21,25
05G11,Jahrgangsstufe 04,Regelklasse,4,90,38,52,10,5,5,46,22,24
05G11,Jahrgangsstufe 05,Regelklasse,4,84,45,39,9,5,4,41,21,20
05G11,Jahrgangsstufe 06,Regelklasse,2,57,26,31,3,0,3,24,11,13
05G11,Schulanfangsphase,Jahrgangsbezogene Lerngruppe,9,213,104,109,19,9,10,99,46,53
05G12,Jahrgangsstufe 03,Regelklasse,2,47,22,25,0,0,0,6,3,3
05G12,Jahrgangsstufe 04,Regelklasse,2,52,29,23,1,0,1,10,6,4
05G12,Jahrgangsstufe 05,Regelklasse,2,41,25,16,1,1,0,4,1,3
05G12,Jahrgangsstufe 06,Regelklasse,2,43,18,25,3,0,3,5,1,4
05G12,Schulanfangsphase,Jahrgangsbezogene Lerngruppe,5,120,72,48,3,2,1,20,11,9
05G13,Jahrgangsstufe 03,Regelklasse,3,64,37,27,6,1,5,39,20,19
05G13,Jahrgangsstufe 04,Regelklasse,2,51,24,27,4,2,2,32,12,20
05G13,Jahrgangsstufe 05,Regelklasse,3,63,32,31,5,0,5,28,16,12
05G13,Jahrgangsstufe 06,Regelklasse,3,64,37,27,5,4,1,35,20,15
05G13,Schulanfangsphase,Jahrgangsübergreifende Lerngruppe,6,152,81,71,11,7,4,85,51,34
05G14,Jahrgangsstufe 03,Regelklasse,4,97,57,40,2,2,0,18,10,8
05G14,Jahrgangsstufe 04,Regelklasse,4,104,62,42,1,1,0,18,14,4
05G14,Jahrgangsstufe 05,Regelklasse,4,93,46,47,3,2,1,26,12,14
05G14,Jahrgangsstufe 06,Regelklasse,4,92,53,39,3,2,1,17,8,9
05G14,Schulanfangsphase,Jahrgangsübergreifende Lerngruppe,8,186,98,88,4,1,3,43,21,22
05G15,Jahrgangsstufe 03,Regelklasse,2,52,33,19,5,3,2,27,18,9
05G15,Jahrgangsstufe 04,Regelklasse,2,48,23,25,3,2,1,30,18,12
05G15,Jahrgangsstufe 05,Regelklasse,1,25,15,10,0,0,0,13,9,4
05G15,Jahrgangsstufe 06,Regelklasse,3,66,35,31,11,7,4,27,16,11
05G15,Schulanfangsphase,Jahrgangsbezogene Lerngruppe,1,24,10,14,1,0,1,7,3,4
05G15,Schulanfangsphase,Jahrgangsübergreifende Lerngruppe,5,117,54,63,12,5,7,45,21,24
05G16,Jahrgangsstufe 03,Regelklasse,2,41,22,19,2,1,1,9,5,4
05G16,Jahrgangsstufe 04,Regelklasse,2,45,20,25,1,1,0,8,4,4
05G16,Jahrgangsstufe 05,Regelklasse,2,50,27,23,1,1,0,2,2,0
05G16,Jahrgangsstufe 06,Regelklasse,2,43,26,17,2,1,1,6,2,4
05G16,Schulanfangsphase,Jahrgangsübergreifende Lerngruppe,4,84,42,42,3,3,0,3,3,0
05G17,Jahrgangsstufe 03,Regelklasse,3,60,27,33,2,1,1,11,7,4
05G17,Jahrgangsstufe 04,Regelklasse,2,44,24,20,2,1,1,12,4,8
05G17,Jahrgangsstufe 05,Regelklasse,2,49,30,19,1,0,1,9,6,3
05G17,Jahrgangsstufe 06,Regelklasse,3,61,39,22,1,0,1,17,11,6
05G17,Schulanfangsphase,Jahrgangsübergreifende Lerngruppe,6,137,59,78,6,2,4,24,7,17
05G18,Jahrgangsstufe 03,Regelklasse,3,75,44,31,6,3,3,41,27,14
05G18,Jahrgangsstufe 04,Regelklasse,3,79,42,37,5,1,4,52,28,24
05G18,Jahrgangsstufe 05,Regelklasse,3,70,40,30,5,4,1,36,23,13
05G18,Jahrgangsstufe 06,Regelklasse,3,80,43,37,4,1,3,41,22,19
05G18,Schulanfangsphase,Jahrgangsübergreifende Lerngruppe,8,195,91,104,26,15,11,118,55,63
05G19,Jahrgangsstufe 03,Jahrgangsübergreifende Lerngruppe,7,174,107,67,4,2,2,10,5,5
05G19,Jahrgangsstufe 04,Regelklasse,3,57,33,24,2,0,2,2,0,2
05G19,Jahrgangsstufe 05,Regelklasse,2,43,22,21,0,0,0,0,0,0
05G19,Jahrgangsstufe 06,Regelklasse,2,48,25,23,3,1,2,1,1,0
05G20,Jahrgangsstufe 03,Regelklasse,2,47,29,18,3,2,1,12,6,6
05G20,Jahrgangsstufe 04,Regelklasse,3,59,34,25,4,3,1,21,14,7
05G20,Jahrgangsstufe 05,Regelklasse,3,75,34,41,10,4,6,21,8,13
05G20,Jahrgangsstufe 06,Regelklasse,3,70,38,32,11,6,5,17,5,12
05G20,Schulanfangsphase,Jahrgangsübergreifende Lerngruppe,5,104,53,51,8,4,4,36,18,18
05G21,Jahrgangsstufe 03,Regelklasse,2,36,23,13,0,0,0,3,0,3
05G21,Jahrgangsstufe 04,Regelklasse,2,38,12,26,1,0,1,7,3,4
05G21,Jahrgangsstufe 05,Regelklasse,2,31,21,10,0,0,0,5,3,2
05G21,Jahrgangsstufe 06,Regelklasse,2,32,16,16,1,1,0,4,2,2
05G21,Schulanfangsphase,Jahrgangsübergreifende Lerngruppe,4,73,40,33,0,0,0,8,5,3
05G22,Jahrgangsstufe 03,Regelklasse,2,52,29,23,9,5,4,44,24,20
05G22,Jahrgangsstufe 04,Regelklasse,3,52,27,25,9,4,5,40,21,19
05G22,Jahrgangsstufe 05,Regelklasse,3,60,32,28,6,3,3,39,20,19
05G22,Jahrgangsstufe 06,Regelklasse,3,68,31,37,7,5,2,50,26,24
05G22,Schulanfangsphase,Jahrgangsbezogene Lerngruppe,8,150,76,74,12,4,8,105,50,55
05G23,Jahrgangsstufe 03,Jahrgangsübergreifende Lerngruppe,3,76,37,39,2,1,1,17,10,7
05G23,Jahrgangsstufe 03,Regelklasse,1,20,9,11,1,1,0,6,3,3
05G23,Jahrgangsstufe 04,Regelklasse,2,44,28,16,1,1,0,12,7,5
05G23,Jahrgangsstufe 05,Regelklasse,2,43,24,19,3,2,1,9,5,4
05G23,Jahrgangsstufe 06,Regelklasse,2,48,22,26,5,4,1,12,7,5
05G23,Schulanfangsphase,Jahrgangsübergreifende Lerngruppe,2,48,26,22,2,1,1,18,8,10
05G24,Jahrgangsstufe 03,Regelklasse,2,35,19,16,0,0,0,0,0,0
05G24,Jahrgangsstufe 04,Regelklasse,2,36,19,17,1,0,1,1,0,1
05G24,Jahrgangsstufe 05,Regelklasse,2,35,21,14,2,2,0,2,2,0
05G24,Jahrgangsstufe 06,Regelklasse,2,40,24,16,0,0,0,0,0,0
05G24,Schulanfangsphase,Jahrgangsübergreifende Lerngruppe,4,86,47,39,3,0,3,2,0,2
05G25,Jahrgangsstufe 03,Regelklasse,1,19,5,14,2,1,1,5,1,4
05G25,Jahrgangsstufe 04,Regelklasse,1,22,11,11,2,2,0,9,5,4
05G25,Jahrgangsstufe 05,Regelklasse,1,22,15,7,4,1,3,10,6,4
05G25,Jahrgangsstufe 06,Regelklasse,1,21,11,10,4,0,4,8,3,5
05G25,Schulanfangsphase,Jahrgangsübergreifende Lerngruppe,2,50,26,24,4,3,1,13,8,5
05G26,Jahrgangsstufe 03,Regelklasse,3,66,33,33,5,1,4,27,11,16
05G26,Jahrgangsstufe 04,Regelklasse,2,46,25,21,14,9,5,22,12,10
05G26,Jahrgangsstufe 05,Regelklasse,2,47,15,32,7,3,4,22,8,14
05G26,Jahrgangsstufe 06,Regelklasse,3,65,35,30,5,1,4,25,10,15
05G26,Schulanfangsphase,Jahrgangsübergreifende Lerngruppe,5,117,55,62,11,5,6,58,27,31
05G27,Jahrgangsstufe 03,Regelklasse,3,74,39,35,1,1,0,37,21,16
05G27,Jahrgangsstufe 04,Regelklasse,3,71,26,45,11,3,8,35,10,25
05G27,Jahrgangsstufe 05,Regelklasse,3,63,35,28,5,1,4,21,10,11
05G27,Jahrgangsstufe 06,Regelklasse,2,51,23,28,6,3,3,22,9,13
05G27,Schulanfangsphase,Jahrgangsübergreifende Lerngruppe,6,134,61,73,8,4,4,72,34,38
05G28,Jahrgangsstufe 03,Regelklasse,2,43,24,19,2,2,0,22,11,11
05G28,Jahrgangsstufe 04,Regelklasse,2,48,27,21,6,2,4,36,21,15
05G28,Jahrgangsstufe 05,Regelklasse,2,46,29,17,6,4,2,30,20,10
05G28,Jahrgangsstufe 06,Regelklasse,2,36,16,20,5,3,2,20,9,11
05G28,Schulanfangsphase,Jahrgangsübergreifende Lerngruppe,5,110,59,51,7,3,4,74,42,32
05G29,Jahrgangsstufe 03,Regelklasse,3,69,35,34,2,1,1,9,2,7
05G29,Jahrgangsstufe 04,Regelklasse,3,74,32,42,3,0,3,6,4,2
05G29,Jahrgangsstufe 05,Regelklasse,2,51,23,28,1,1,0,5,3,2
05G29,Jahrgangsstufe 06,Regelklasse,3,59,36,23,1,0,1,3,2,1
05G29,Schulanfangsphase,Jahrgangsübergreifende Lerngruppe,6,143,71,72,2,0,2,11,6,5
05K01,1. Kurshalbjahr,Regelklasse (Kurshalbjahre),0,141,57,84,6,0,6,22,7,15
05K01,3. Kurshalbjahr,Regelklasse (Kurshalbjahre),0,115,42,73,7,5,2,11,6,5
05K01,E-Phase,Regelklasse,4,116,40,76,0,0,0,13,5,8
05K01,Jahrgangsstufe 07,Regelklasse,6,156,66,90,6,4,2,37,16,21
05K01,Jahrgangsstufe 08,Regelklasse,6,158,59,99,3,1,2,39,14,25
05K01,Jahrgangsstufe 09,Regelklasse,6,160,76,84,12,3,9,44,17,27
05K01,Jahrgangsstufe 10,Regelklasse,5,160,76,84,8,3,5,42,19,23
05K02,1. Kurshalbjahr,Regelklasse (Kurshalbjahre),0,89,44,45,15,4,11,23,14,9
05K02,3. Kurshalbjahr,Regelklasse (Kurshalbjahre),0,88,48,40,8,4,4,39,20,19
05K02,E-Phase,Gymnasiale Oberstufe gem. § 5 VO-GO,3,65,31,34,28,17,11,45,25,20
05K02,Jahrgangsstufe 07,Regelklasse,6,145,69,76,12,6,6,62,25,37
05K02,Jahrgangsstufe 08,Regelklasse,7,182,100,82,15,11,4,75,48,27
05K02,Jahrgangsstufe 09,Regelklasse,6,172,75,97,25,12,13,80,41,39
05K02,Jahrgangsstufe 10,Regelklasse,6,159,100,59,37,22,15,78,51,27
05K03,1. Kurshalbjahr,Regelklasse (Kurshalbjahre),0,115,42,73,4,3,1,34,19,15
05K03,3. Kurshalbjahr,Regelklasse (Kurshalbjahre),0,96,42,54,2,0,2,24,11,13
05K03,E-Phase,Gymnasiale Oberstufe gem. § 5 VO-GO,1,26,16,10,1,1,0,5,4,1
05K03,E-Phase,Regelklasse,3,74,38,36,11,6,5,26,16,10
05K03,Jahrgangsstufe 07,Regelklasse,8,208,102,106,31,12,19,102,50,52
05K03,Jahrgangsstufe 08,Regelklasse,8,204,88,116,41,23,18,95,50,45
05K03,Jahrgangsstufe 09,Regelklasse,8,230,133,97,30,20,10,105,64,41
05K03,Jahrgangsstufe 10,Regelklasse,8,230,121,109,18,10,8,101,53,48
05K04,1. Kurshalbjahr,Regelklasse (Kurshalbjahre),0,80,44,36,4,2,2,26,14,12
05K04,3. Kurshalbjahr,Regelklasse (Kurshalbjahre),0,69,37,32,5,4,1,14,8,6
05K04,E-Phase,Regelklasse,3,68,38,30,6,5,1,20,11,9
05K04,Jahrgangsstufe 08,Regelklasse,18,302,203,99,22,14,8,93,61,32
05K04,Jahrgangsstufe 09,Regelklasse,6,158,108,50,23,17,6,53,39,14
05K04,Jahrgangsstufe 10,Regelklasse,5,141,82,59,17,10,7,48,30,18
05K05,Jahrgangsstufe 07,Regelklasse,4,92,49,43,6,3,3,11,6,5
05K05,Jahrgangsstufe 08,Regelklasse,5,125,65,60,6,4,2,21,14,7
05K05,Jahrgangsstufe 09,Lerngruppen für Neuzugänge ohne Deutschkenntnisse,1,16,14,2,16,14,2,16,14,2
05K05,Jahrgangsstufe 09,Regelklasse,4,97,65,32,6,5,1,19,15,4
05K05,Jahrgangsstufe 10,Förderung abschlussgefährdeter Jugendlicher,1,14,8,6,2,0,2,4,2,2
05K05,Jahrgangsstufe 10,Regelklasse,4,79,41,38,4,2,2,8,2,6
05K06,Jahrgangsstufe 07,Regelklasse,6,155,88,67,23,14,9,86,50,36
05K06,Jahrgangsstufe 08,Regelklasse,7,181,97,84,20,12,8,79,44,35
05K06,Jahrgangsstufe 09,Produktives Lernen,1,15,7,8,1,1,0,3,1,2
05K06,Jahrgangsstufe 09,Regelklasse,6,167,90,77,25,16,9,87,51,36
05K06,Jahrgangsstufe 10,Produktives Lernen,1,10,6,4,2,1,1,5,3,2
05K06,Jahrgangsstufe 10,Regelklasse,4,117,60,57,25,13,12,52,24,28
05K06,Jahrgangsstufe 10,Regelklasse,2,47,26,21,8,3,5,26,15,11
05K07,Jahrgangsstufe 07,Regelklasse,4,95,53,42,12,8,4,48,28,20
05K07,Jahrgangsstufe 08,Regelklasse,7,170,95,75,44,28,16,81,49,32
05K07,Jahrgangsstufe 09,Lerngruppen für Neuzugänge ohne Deutschkenntnisse,1,16,11,5,14,9,5,16,11,5
05K07,Jahrgangsstufe 09,Regelklasse,4,108,62,46,19,12,7,45,26,19
05K07,Jahrgangsstufe 10,Regelklasse,2,56,33,23,8,2,6,22,16,6
05K07,Jahrgangsstufe 10,Regelklasse,3,57,35,22,12,7,5,28,21,7
05K08,Jahrgangsstufe 07,Regelklasse,6,155,87,68,37,20,17,48,27,21
05K08,Jahrgangsstufe 08,Regelklasse,8,202,123,79,29,15,14,43,25,18
05K08,Jahrgangsstufe 09,Produktives Lernen,1,24,17,7,8,5,3,11,5,6
05K08,Jahrgangsstufe 09,Regelklasse,7,180,102,78,36,19,17,53,28,25
05K08,Jahrgangsstufe 10,Regelklasse,4,123,68,55,15,8,7,34,20,14
05K08,Jahrgangsstufe 10,Regelklasse,2,37,19,18,4,3,1,11,4,7
05K09,Jahrgangsstufe 07,Regelklasse,3,63,36,27,15,9,6,24,13,11
05K09,Jahrgangsstufe 08,Regelklasse,6,143,67,76,25,12,13,55,29,26
05K09,Jahrgangsstufe 09,Lerngruppen für Neuzugänge ohne Deutschkenntnisse,1,12,7,5,12,7,5,12,7,5
05K09,Jahrgangsstufe 09,Regelklasse,3,81,51,30,22,15,7,33,21,12
05K09,Jahrgangsstufe 10,Regelklasse,2,45,29,16,7,4,3,15,9,6
05K09,Jahrgangsstufe 10,Regelklasse,1,26,12,14,10,5,5,17,9,8
05P01,Jahrgangsstufe 03,Regelklasse,1,27,12,15,0,0,0,0,0,0
05P01,Jahrgangsstufe 04,Regelklasse,1,21,13,8,0,0,0,0,0,0
05P01,Jahrgangsstufe 05,Regelklasse,1,25,12,13,0,0,0,1,0,1
05P01,Jahrgangsstufe 06,Regelklasse,1,28,12,16,0,0,0,0,0,0
05P01,Jahrgangsstufe 07,Regelklasse,1,28,12,16,0,0,0,2,1,1
05P01,Jahrgangsstufe 08,Regelklasse,1,22,7,15,0,0,0,0,0,0
05P01,Jahrgangsstufe 09,Regelklasse,1,28,12,16,2,1,1,4,2,2
05P01,Jahrgangsstufe 10,Regelklasse,1,28,13,15,0,0,0,0,0,0
05P01,Jahrgangsstufe 11,Regelklasse,1,25,15,10,0,0,0,4,2,2
05P01,Jahrgangsstufe 12,Regelklasse,1,15,8,7,2,1,1,2,1,1
05P01,Schulanfangsphase,Jahrgangsbezogene Lerngruppe,3,63,39,24,0,0,0,2,2,0
05P02,Jahrgangsstufe 03,Regelklasse,2,55,25,30,1,1,0,19,9,10
05P02,Jahrgangsstufe 04,Regelklasse,2,56,33,23,2,1,1,26,11,15
05P02,Jahrgangsstufe 05,Regelklasse,2,56,24,32,1,0,1,29,9,20
05P02,Jahrgangsstufe 06,Regelklasse,2,49,22,27,0,0,0,17,9,8
05P02,Schulanfangsphase,Jahrgangsbezogene Lerngruppe,4,112,45,67,5,2,3,59,23,36
05P03,Jahrgangsstufe 03,Regelklasse,2,48,19,29,0,0,0,3,2,1
05P03,Jahrgangsstufe 04,Regelklasse,2,44,21,23,0,0,0,0,0,0
05P03,Jahrgangsstufe 05,Regelklasse,2,35,21,14,0,0,0,0,0,0
05P03,Jahrgangsstufe 06,Regelklasse,2,44,13,31,0,0,0,0,0,0
05P03,Jahrgangsstufe 07,Regelklasse,2,50,24,26,0,0,0,0,0,0
05P03,Jahrgangsstufe 08,Regelklasse,2,51,26,25,3,3,0,3,3,0
05P03,Jahrgangsstufe 09,Regelklasse,2,50,24,26,0,0,0,1,0,1
05P03,Jahrgangsstufe 10,Regelklasse,2,41,16,25,1,0,1,1,0,1
05P03,Schulanfangsphase,Jahrgangsbezogene Lerngruppe,4,82,42,40,1,0,1,1,0,1
05P04,Abschlussstufe,Regelklasse,5,28,15,13,6,2,4,8,3,5
05P04,Mittelstufe,Regelklasse,3,18,11,7,2,1,1,7,3,4
05P04,Oberstufe,Regelklasse,1,6,2,4,4,1,3,4,1,3
05P04,Unterstufe,Regelklasse,2,11,7,4,3,3,0,6,6,0
05P13,1. Kurshalbjahr,Regelklasse (Kurshalbjahre),0,39,24,15,23,14,9,39,24,15
05P13,3. Kurshalbjahr,Regelklasse (Kurshalbjahre),0,37,14,23,22,9,13,36,13,23
05P13,Jahrgangsstufe 07,Regelklasse,2,34,23,11,4,3,1,32,22,10
05P13,Jahrgangsstufe 07,Regelklasse,1,22,12,10,4,2,2,22,12,10
05P13,Jahrgangsstufe 08,Regelklasse,3,62,40,22,23,8,15,61,39,22
05P13,Jahrgangsstufe 08,Regelklasse,2,40,15,25,11,3,8,40,15,25
05P13,Jahrgangsstufe 09,Regelklasse,2,38,23,15,8,6,2,38,23,15
05P13,Jahrgangsstufe 09,Regelklasse,2,38,14,24,13,6,7,38,14,24
05P13,Jahrgangsstufe 10,Regelklasse,2,35,15,20,9,2,7,34,14,20
05P13,Jahrgangsstufe 10,Regelklasse,2,37,20,17,19,8,11,37,20,17
05P15,Jahrgangsstufe 03,Regelklasse,1,21,12,9,2,1,1,11,6,5
05P15,Jahrgangsstufe 04,Regelklasse,1,18,7,11,0,0,0,6,3,3
05P15,Jahrgangsstufe 05,Regelklasse,1,15,9,6,3,3,0,8,5,3
05P15,Jahrgangsstufe 06,Regelklasse,1,22,15,7,1,1,0,8,6,2
05P15,Schulanfangsphase,Jahrgangsbezogene Lerngruppe,2,48,25,23,5,3,2,20,13,7
05P18,Jahrgangsstufe 05,Regelklasse,1,15,7,8,0,0,0,2,0,2
05P18,Schulanfangsphase,Jahrgangsbezogene Lerngruppe,3,25,13,12,0,0,0,5,1,4
05P19,Jahrgangsstufe 07,Regelklasse,1,10,6,4,4,2,2,4,2,2
05P19,Schulanfangsphase,Jahrgangsbezogene Lerngruppe,1,11,5,6,4,2,2,5,2,3
05S01,Jahrgangsstufe 04,Jahrgangsübergreifende Lerngruppe,1,8,4,4,0,0,0,1,1,0
05S01,Jahrgangsstufe 05,Jahrgangsübergreifende Lerngruppe,2,17,11,6,0,0,0,2,1,1
05S01,Jahrgangsstufe 06,Regelklasse,1,13,9,4,0,0,0,2,1,1
05S01,Jahrgangsstufe 07,Regelklasse,1,12,8,4,0,0,0,3,3,0
05S01,Jahrgangsstufe 08,Regelklasse,2,21,12,9,0,0,0,3,2,1
05S01,Jahrgangsstufe 09,Regelklasse,1,12,10,2,0,0,0,3,3,0
05S01,Jahrgangsstufe 10,Regelklasse,2,21,11,10,0,0,0,4,1,3
05S02,Jahrgangsstufe 07,Regelklasse,1,9,6,3,0,0,0,0,0,0
05S02,Jahrgangsstufe 08,Regelklasse,1,13,10,3,2,1,1,4,3,1
05S02,Jahrgangsstufe 09,Regelklasse,1,13,7,6,1,0,1,1,0,1
05S02,Jahrgangsstufe 10,Regelklasse,1,12,8,4,0,0,0,1,1,0
05S03,Abschlussstufe,Regelklasse,6,37,21,16,3,2,1,12,5,7
05S03,Eingangsstufe,Regelklasse,4,23,17,6,1,1,0,8,7,1
05S03,Oberstufe,Regelklasse,9,50,28,22,6,3,3,21,9,12
05S03,Unterstufe,Regelklasse,3,20,11,9,2,2,0,11,8,3
05S04,Jahrgangsstufe 03,Regelklasse,2,13,8,5,3,3,0,0,0,0
05S04,Jahrgangsstufe 04,Jahrgangsübergreifende Lerngruppe,1,7,4,3,0,0,0,1,0,1
05S04,Jahrgangsstufe 04,Regelklasse,1,6,3,3,0,0,0,1,1,0
05S04,Jahrgangsstufe 05,Jahrgangsübergreifende Lerngruppe,1,8,6,2,0,0,0,2,2,0
05S04,Jahrgangsstufe 05,Regelklasse,1,8,4,4,0,0,0,0,0,0
05S04,Jahrgangsstufe 06,Regelklasse,1,7,5,2,0,0,0,0,0,0
05S04,Jahrgangsstufe 07,Regelklasse,2,15,5,10,1,0,1,6,2,4
05S04,Jahrgangsstufe 08,Regelklasse,3,22,12,10,1,0,1,4,2,2
05S04,Jahrgangsstufe 09,Regelklasse,2,13,12,1,0,0,0,2,2,0
05S04,Jahrgangsstufe 10,Regelklasse,1,5,4,1,0,0,0,1,0,1
05S04,Schulanfangsphase,Jahrgangsbezogene Lerngruppe,2,9,8,1,3,2,1,5,4,1
05S04,Schulanfangsphase,Jahrgangsübergreifende Lerngruppe,2,13,11,2,0,0,0,1,1,0
05Y01,1. Kurshalbjahr,Regelklasse (Kurshalbjahre),0,150,78,72,6,2,4,25,13,12
05Y01,3. Kurshalbjahr,Regelklasse (Kurshalbjahre),0,160,85,75,13,7,6,29,17,12
05Y01,Jahrgangsstufe 05,Regelklasse,1,30,17,13,0,0,0,14,7,7
05Y01,Jahrgangsstufe 06,Regelklasse,1,28,18,10,0,0,0,0,0,0
05Y01,Jahrgangsstufe 07,"Klasse ""achtjähriges Gymnasium""",1,23,12,11,0,0,0,6,2,4
05Y01,Jahrgangsstufe 07,Regelklasse,4,123,61,62,19,8,11,42,17,25
05Y01,Jahrgangsstufe 08,Regelklasse,4,117,75,42,10,7,3,28,19,9
05Y01,Jahrgangsstufe 09,"Klasse ""achtjähriges Gymnasium""",1,23,12,11,3,2,1,7,4,3
05Y01,Jahrgangsstufe 09,Regelklasse,6,163,75,88,12,2,10,42,20,22
05Y01,Jahrgangsstufe 10,"Klasse ""achtjähriges Gymnasium""",2,45,21,24,1,1,0,4,1,3
05Y01,Jahrgangsstufe 10,Regelklasse,4,121,56,65,12,5,7,44,14,30
05Y02,1. Kurshalbjahr,Regelklasse (Kurshalbjahre),0,78,44,34,2,1,1,7,4,3
05Y02,3. Kurshalbjahr,Regelklasse (Kurshalbjahre),0,73,37,36,8,4,4,11,6,5
05Y02,Jahrgangsstufe 05,Altsprachlicher Bildungsgang,1,30,11,19,4,1,3,12,4,8
05Y02,Jahrgangsstufe 06,Altsprachlicher Bildungsgang,1,19,11,8,1,1,0,7,3,4
05Y02,Jahrgangsstufe 07,Altsprachlicher Bildungsgang,1,27,11,16,0,0,0,0,0,0
05Y02,Jahrgangsstufe 07,Regelklasse,3,85,44,41,9,1,8,19,9,10
05Y02,Jahrgangsstufe 08,Altsprachlicher Bildungsgang,1,26,11,15,1,1,0,7,4,3
05Y02,Jahrgangsstufe 08,Regelklasse,4,108,58,50,18,9,9,30,16,14
05Y02,Jahrgangsstufe 09,Altsprachlicher Bildungsgang,1,29,10,19,1,0,1,4,1,3
05Y02,Jahrgangsstufe 09,Regelklasse,3,87,36,51,8,4,4,17,4,13
05Y02,Jahrgangsstufe 10,Altsprachlicher Bildungsgang,1,26,8,18,0,0,0,2,0,2
05Y02,Jahrgangsstufe 10,Regelklasse,3,81,37,44,5,3,2,14,5,9
05Y03,1. Kurshalbjahr,Regelklasse (Kurshalbjahre),0,163,81,82,3,1,2,13,6,7
05Y03,3. Kurshalbjahr,Regelklasse (Kurshalbjahre),0,158,77,81,2,0,2,6,1,5
05Y03,Jahrgangsstufe 05,Regelklasse,2,58,31,27,1,0,1,6,2,4
05Y03,Jahrgangsstufe 06,Regelklasse,2,64,29,35,2,0,2,7,3,4
05Y03,Jahrgangsstufe 07,Regelklasse,5,156,80,76,2,1,1,7,1,6
05Y03,Jahrgangsstufe 08,Regelklasse,6,192,88,104,5,2,3,20,7,13
05Y03,Jahrgangsstufe 09,Regelklasse,5,153,65,88,1,0,1,6,3,3
05Y03,Jahrgangsstufe 10,Regelklasse,5,149,77,72,5,2,3,8,3,5
05Y04,1. Kurshalbjahr,Regelklasse (Kurshalbjahre),0,79,34,45,18,6,12,38,16,22
05Y04,3. Kurshalbjahr,Regelklasse (Kurshalbjahre),0,77,39,38,14,5,9,25,11,14
05Y04,Jahrgangsstufe 07,Regelklasse,2,62,29,33,4,2,2,27,13,14
05Y04,Jahrgangsstufe 08,Regelklasse,3,100,57,43,23,13,10,61,30,31
05Y04,Jahrgangsstufe 09,Regelklasse,4,112,61,51,18,9,9,68,31,37
05Y04,Jahrgangsstufe 10,Lerngruppen für Neuzugänge ohne Deutschkenntnisse,1,13,10,3,13,10,3,13,10,3
05Y04,Jahrgangsstufe 10,Regelklasse,4,102,49,53,24,13,11,59,24,35
05Y05,1. Kurshalbjahr,Regelklasse (Kurshalbjahre),0,95,41,54,12,4,8,36,14,22
05Y05,3. Kurshalbjahr,Regelklasse (Kurshalbjahre),0,91,46,45,12,9,3,30,20,10
05Y05,Jahrgangsstufe 07,Regelklasse,4,127,47,80,14,6,8,75,23,52
05Y05,Jahrgangsstufe 08,Regelklasse,6,162,59,103,28,9,19,80,29,51
05Y05,Jahrgangsstufe 09,Regelklasse,4,121,51,70,18,8,10,58,24,34
05Y05,Jahrgangsstufe 10,Regelklasse,4,111,39,72,23,7,16,60,20,40
06G01,Jahrgangsstufe 03,Regelklasse,3,75,36,39,2,1,1,16,6,10
06G01,Jahrgangsstufe 04,Regelklasse,3,79,38,41,3,1,2,12,4,8
06G01,Jahrgangsstufe 05,Regelklasse,2,50,27,23,1,1,0,7,4,3
06G01,Jahrgangsstufe 06,Regelklasse,2,52,31,21,3,2,1,11,9,2
06G01,Schulanfangsphase,Jahrgangsübergreifende Lerngruppe,6,128,62,66,9,4,5,29,18,11
06G02,Jahrgangsstufe 03,Jahrgangsübergreifende Lerngruppe,6,125,60,65,5,3,2,9,5,4
06G02,Jahrgangsstufe 04,Regelklasse,2,51,32,19,2,1,1,3,1,2
06G02,Jahrgangsstufe 05,Regelklasse,2,46,28,18,1,0,1,1,0,1
06G02,Jahrgangsstufe 06,Regelklasse,2,44,19,25,2,1,1,3,1,2
06G03,Jahrgangsstufe 03,Regelklasse,3,78,43,35,1,1,0,5,2,3
06G03,Jahrgangsstufe 04,Regelklasse,3,74,41,33,0,0,0,4,0,4
06G03,Jahrgangsstufe 05,Regelklasse,2,47,20,27,0,0,0,4,1,3
06G03,Jahrgangsstufe 06,Regelklasse,2,49,16,33,0,0,0,1,0,1
06G03,Schulanfangsphase,Jahrgangsbezogene Lerngruppe,6,154,70,84,0,0,0,5,2,3
06G04,Jahrgangsstufe 03,Regelklasse,3,78,43,35,4,1,3,18,11,7
06G04,Jahrgangsstufe 04,Regelklasse,3,79,37,42,4,1,3,16,9,7
06G04,Jahrgangsstufe 05,Regelklasse,2,50,24,26,2,2,0,7,3,4
06G04,Jahrgangsstufe 06,Regelklasse,3,66,42,24,10,4,6,15,5,10
06G04,Schulanfangsphase,Jahrgangsbezogene Lerngruppe,7,171,91,80,20,9,11,38,19,19
06G05,Jahrgangsstufe 03,Jahrgangsübergreifende Lerngruppe,7,171,81,90,20,7,13,18,9,9
06G05,Jahrgangsstufe 04,Regelklasse,2,51,29,22,5,3,2,5,3,2
06G05,Jahrgangsstufe 05,Regelklasse,2,42,24,18,2,2,0,2,1,1
06G05,Jahrgangsstufe 06,Regelklasse,2,38,23,15,0,0,0,2,2,0
06G06,Jahrgangsstufe 03,Regelklasse,5,129,66,63,6,1,5,13,7,6
06G06,Jahrgangsstufe 04,Regelklasse,4,104,55,49,11,6,5,18,11,7
06G06,Jahrgangsstufe 05,Regelklasse,4,94,48,46,5,2,3,14,6,8
06G06,Jahrgangsstufe 06,Regelklasse,4,100,46,54,6,3,3,14,8,6
06G06,Schulanfangsphase,Jahrgangsübergreifende Lerngruppe,8,203,121,82,18,12,6,24,16,8
06G06,Schulanfangsphase,Sonderpädagogische Kleinklasse,4,41,28,13,11,7,4,25,19,6
06G07,Jahrgangsstufe 03,Regelklasse,3,67,31,36,1,0,1,2,1,1
06G07,Jahrgangsstufe 04,Regelklasse,2,52,25,27,3,0,3,0,0,0
06G07,Jahrgangsstufe 05,Regelklasse,3,67,34,33,2,2,0,3,2,1
06G07,Jahrgangsstufe 06,Regelklasse,2,54,24,30,0,0,0,2,1,1
06G07,Schulanfangsphase,Jahrgangsübergreifende Lerngruppe,6,145,79,66,5,2,3,6,1,5
06G08,Jahrgangsstufe 03,Regelklasse,3,81,47,34,2,1,1,6,3,3
06G08,Jahrgangsstufe 04,Regelklasse,3,76,37,39,1,0,1,7,3,4
06G08,Jahrgangsstufe 05,Regelklasse,3,78,39,39,4,2,2,8,4,4
06G08,Jahrgangsstufe 06,Lerngruppen für Neuzugänge ohne Deutschkenntnisse,1,9,5,4,9,5,4,9,5,4
06G08,Jahrgangsstufe 06,Regelklasse,3,71,36,35,0,0,0,8,6,2
06G08,Schulanfangsphase,Jahrgangsbezogene Lerngruppe,1,18,12,6,0,0,0,3,2,1
06G08,Schulanfangsphase,Jahrgangsübergreifende Lerngruppe,6,141,70,71,6,4,2,15,6,9
06G09,Jahrgangsstufe 03,Regelklasse,2,40,18,22,4,0,4,5,1,4
06G09,Jahrgangsstufe 04,Regelklasse,2,49,28,21,1,1,0,1,1,0
06G09,Jahrgangsstufe 05,Regelklasse,2,45,27,18,1,0,1,5,4,1
06G09,Jahrgangsstufe 06,Regelklasse,1,23,15,8,1,1,0,3,2,1
06G09,Schulanfangsphase,Jahrgangsübergreifende Lerngruppe,4,101,45,56,8,2,6,15,8,7
06G10,Jahrgangsstufe 03,Regelklasse,2,40,22,18,1,0,1,4,2,2
06G10,Jahrgangsstufe 04,Regelklasse,2,42,21,21,1,0,1,5,2,3
06G10,Jahrgangsstufe 05,Regelklasse,2,34,22,12,1,1,0,4,4,0
06G10,Jahrgangsstufe 06,Regelklasse,2,37,21,16,2,0,2,2,0,2
06G10,Schulanfangsphase,Jahrgangsübergreifende Lerngruppe,4,81,43,38,8,6,2,13,9,4
06G11,Jahrgangsstufe 03,Jahrgangsübergreifende Lerngruppe,9,203,114,89,1,0,1,7,3,4
06G11,Jahrgangsstufe 06,Jahrgangsübergreifende Lerngruppe,8,188,84,104,2,1,1,0,0,0
06G12,Jahrgangsstufe 03,Klasse der Staatlichen Europaschule,2,50,24,26,19,11,8,25,12,13
06G12,Jahrgangsstufe 04,Klasse der Staatlichen Europaschule,3,68,35,33,25,12,13,33,17,16
06G12,Jahrgangsstufe 05,Klasse der Staatlichen Europaschule,2,50,20,30,13,7,6,23,10,13
06G12,Jahrgangsstufe 06,Klasse der Staatlichen Europaschule,2,39,12,27,16,5,11,24,8,16
06G12,Schulanfangsphase,Klasse der Staatlichen Europaschule,6,139,71,68,35,21,14,66,33,33
06G13,Jahrgangsstufe 03,Regelklasse,2,36,21,15,3,2,1,20,10,10
06G13,Jahrgangsstufe 04,Regelklasse,2,49,26,23,5,1,4,23,13,10
06G13,Jahrgangsstufe 05,Regelklasse,1,14,9,5,1,1,0,11,7,4
06G13,Jahrgangsstufe 06,Regelklasse,1,23,11,12,0,0,0,14,7,7
06G13,Schulanfangsphase,Jahrgangsübergreifende Lerngruppe,3,73,42,31,16,8,8,33,20,13
06G14,Jahrgangsstufe 03,Jahrgangsübergreifende Lerngruppe,9,207,112,95,26,17,9,86,56,30
06G14,Jahrgangsstufe 04,Regelklasse,3,66,35,31,4,2,2,26,12,14
06G14,Jahrgangsstufe 05,Regelklasse,3,61,32,29,5,3,2,32,18,14
06G14,Jahrgangsstufe 06,Regelklasse,3,67,38,29,1,0,1,20,9,11
06G15,Jahrgangsstufe 03,Regelklasse,3,71,37,34,9,3,6,19,12,7
06G15,Jahrgangsstufe 04,Regelklasse,3,75,40,35,11,6,5,24,15,9
06G15,Jahrgangsstufe 05,Regelklasse,3,64,32,32,10,6,4,25,11,14
06G15,Jahrgangsstufe 06,Regelklasse,3,71,34,37,10,6,4,34,17,17
06G15,Schulanfangsphase,Jahrgangsübergreifende Lerngruppe,7,155,78,77,29,14,15,70,36,34
06G16,Jahrgangsstufe 03,Jahrgangsübergreifende Lerngruppe,6,136,68,68,26,8,18,40,16,24
06G16,Jahrgangsstufe 06,Jahrgangsübergreifende Lerngruppe,6,132,61,71,12,3,9,24,12,12
06G17,Jahrgangsstufe 03,Regelklasse,3,77,36,41,3,2,1,21,8,13
06G17,Jahrgangsstufe 04,Regelklasse,3,70,39,31,0,0,0,19,10,9
06G17,Jahrgangsstufe 05,Regelklasse,3,69,32,37,6,1,5,29,12,17
06G17,Jahrgangsstufe 06,Regelklasse,3,72,39,33,1,1,0,26,12,14
06G17,Schulanfangsphase,Jahrgangsbezogene Lerngruppe,6,148,62,86,9,6,3,49,17,32
06G18,Jahrgangsstufe 03,Klasse der Staatlichen Europaschule,1,23,10,13,8,3,5,23,10,13
06G18,Jahrgangsstufe 03,Regelklasse,2,41,20,21,0,0,0,7,4,3
06G18,Jahrgangsstufe 04,Klasse der Staatlichen Europaschule,1,21,13,8,11,6,5,20,13,7
06G18,Jahrgangsstufe 04,Regelklasse,2,37,16,21,1,0,1,7,2,5
06G18,Jahrgangsstufe 05,Klasse der Staatlichen Europaschule,1,23,11,12,11,4,7,23,11,12
06G18,Jahrgangsstufe 05,Regelklasse,2,39,23,16,0,0,0,7,3,4
06G18,Jahrgangsstufe 06,Klasse der Staatlichen Europaschule,1,11,6,5,7,4,3,11,6,5
06G18,Jahrgangsstufe 06,Regelklasse,2,36,23,13,2,1,1,9,5,4
06G18,Schulanfangsphase,Jahrgangsübergreifende Lerngruppe,3,64,33,31,1,1,0,6,1,5
06G18,Schulanfangsphase,Klasse der Staatlichen Europaschule,2,49,21,28,21,12,9,48,20,28
06G19,Jahrgangsstufe 03,Jahrgangsübergreifende Lerngruppe,6,125,67,58,12,7,5,65,36,29
06G19,Jahrgangsstufe 04,Regelklasse,2,39,21,18,3,0,3,17,10,7
06G19,Jahrgangsstufe 05,Regelklasse,2,39,21,18,3,1,2,13,6,7
06G19,Jahrgangsstufe 06,Regelklasse,2,34,15,19,4,1,3,17,8,9
06G20,Jahrgangsstufe 03,Jahrgangsübergreifende Lerngruppe,9,192,94,98,10,7,3,39,24,15
06G20,Jahrgangsstufe 04,Regelklasse,3,77,43,34,1,1,0,5,4,1
06G20,Jahrgangsstufe 05,Regelklasse,3,68,34,34,1,0,1,8,1,7
06G20,Jahrgangsstufe 06,Regelklasse,2,47,27,20,1,1,0,14,11,3
06G21,Jahrgangsstufe 03,Regelklasse,2,52,25,27,4,2,2,23,11,12
06G21,Jahrgangsstufe 04,Regelklasse,3,65,41,24,11,8,3,13,8,5
06G21,Jahrgangsstufe 05,Regelklasse,3,56,36,20,6,6,0,19,14,5
06G21,Jahrgangsstufe 06,Regelklasse,3,74,34,40,5,0,5,22,6,16
06G21,Schulanfangsphase,Jahrgangsübergreifende Lerngruppe,6,148,73,75,16,8,8,41,23,18
06G22,Jahrgangsstufe 03,Regelklasse,2,47,26,21,4,3,1,21,12,9
06G22,Jahrgangsstufe 04,Regelklasse,2,37,16,21,9,3,6,22,9,13
06G22,Jahrgangsstufe 05,Regelklasse,2,40,20,20,4,1,3,19,11,8
06G22,Jahrgangsstufe 06,Regelklasse,2,39,21,18,3,0,3,19,11,8
06G22,Schulanfangsphase,Jahrgangsübergreifende Lerngruppe,5,124,71,53,14,9,5,52,37,15
06G23,Jahrgangsstufe 03,Jahrgangsübergreifende Lerngruppe,9,239,119,120,11,7,4,37,18,19
06G23,Jahrgangsstufe 03,Regelklasse,1,26,12,14,0,0,0,0,0,0
06G23,Jahrgangsstufe 04,Regelklasse,3,71,37,34,5,3,2,7,4,3
06G23,Jahrgangsstufe 05,Regelklasse,3,77,46,31,9,6,3,3,3,0
06G23,Jahrgangsstufe 06,Regelklasse,3,79,40,39,4,0,4,3,0,3
06G24,Jahrgangsstufe 03,Regelklasse,4,89,51,38,3,1,2,13,9,4
06G24,Jahrgangsstufe 04,Regelklasse,3,72,38,34,4,2,2,11,7,4
06G24,Jahrgangsstufe 05,Regelklasse,3,72,32,40,2,0,2,6,1,5
06G24,Jahrgangsstufe 06,Regelklasse,3,65,36,29,1,1,0,9,4,5
06G24,Schulanfangsphase,Jahrgangsbezogene Lerngruppe,6,140,74,66,6,1,5,19,12,7
06G25,Jahrgangsstufe 03,Regelklasse,3,79,42,37,6,2,4,7,4,3
06G25,Jahrgangsstufe 04,Regelklasse,3,72,36,36,3,1,2,7,2,5
06G25,Jahrgangsstufe 05,Regelklasse,2,44,30,14,1,1,0,1,1,0
06G25,Jahrgangsstufe 06,Regelklasse,3,64,31,33,6,4,2,4,3,1
06G25,Schulanfangsphase,Jahrgangsbezogene Lerngruppe,1,27,14,13,0,0,0,1,1,0
06G25,Schulanfangsphase,Jahrgangsübergreifende Lerngruppe,6,160,81,79,3,2,1,10,3,7
06G26,Jahrgangsstufe 03,Regelklasse,2,52,30,22,1,1,0,8,4,4
06G26,Jahrgangsstufe 04,Regelklasse,2,55,22,33,2,0,2,8,3,5
06G26,Jahrgangsstufe 05,Regelklasse,2,52,28,24,0,0,0,6,3,3
06G26,Jahrgangsstufe 06,Regelklasse,2,46,23,23,2,0,2,11,6,5
06G26,Schulanfangsphase,Jahrgangsbezogene Lerngruppe,1,25,15,10,4,1,3,7,3,4
06G26,Schulanfangsphase,Jahrgangsübergreifende Lerngruppe,4,103,54,49,5,3,2,11,5,6
06G27,Jahrgangsstufe 03,Regelklasse,2,57,34,23,1,1,0,11,8,3
06G27,Jahrgangsstufe 04,Regelklasse,2,52,25,27,1,0,1,18,8,10
06G27,Jahrgangsstufe 05,Regelklasse,2,41,18,23,0,0,0,8,2,6
06G27,Jahrgangsstufe 06,Regelklasse,2,38,22,16,2,1,1,10,5,5
06G27,Schulanfangsphase,Jahrgangsübergreifende Lerngruppe,5,125,63,62,1,1,0,42,22,20
06G28,Jahrgangsstufe 03,Regelklasse,2,42,24,18,4,3,1,21,13,8
06G28,Jahrgangsstufe 04,Regelklasse,1,25,13,12,3,0,3,9,5,4
06G28,Jahrgangsstufe 05,Regelklasse,2,42,21,21,6,2,4,14,8,6
06G28,Jahrgangsstufe 06,Regelklasse,2,42,26,16,11,7,4,24,15,9
06G28,Schulanfangsphase,Jahrgangsübergreifende Lerngruppe,4,91,53,38,24,12,12,41,23,18
06G29,Jahrgangsstufe 03,Regelklasse,3,82,46,36,1,1,0,12,9,3
06G29,Jahrgangsstufe 04,Regelklasse,3,80,39,41,4,2,2,11,6,5
06G29,Jahrgangsstufe 05,Regelklasse,3,68,38,30,2,0,2,16,7,9
06G29,Jahrgangsstufe 06,Regelklasse,3,58,29,29,1,1,0,8,5,3
06G29,Schulanfangsphase,Jahrgangsübergreifende Lerngruppe,7,171,95,76,9,5,4,32,17,15
06G30,Jahrgangsstufe 03,Jahrgangsübergreifende Lerngruppe,6,137,56,81,34,11,23,85,35,50
06G30,Jahrgangsstufe 04,Regelklasse,2,31,16,15,5,4,1,15,9,6
06G30,Jahrgangsstufe 05,Regelklasse,2,45,29,16,6,4,2,16,12,4
06G30,Jahrgangsstufe 06,Regelklasse,2,42,20,22,3,0,3,29,15,14
06G31,Jahrgangsstufe 03,Regelklasse,3,71,34,37,15,5,10,27,11,16
06G31,Jahrgangsstufe 04,Regelklasse,3,77,35,42,8,2,6,30,15,15
06G31,Jahrgangsstufe 05,Regelklasse,3,65,33,32,2,1,1,11,7,4
06G31,Jahrgangsstufe 06,Regelklasse,3,64,24,40,7,3,4,15,8,7
06G31,Schulanfangsphase,Jahrgangsbezogene Lerngruppe,1,24,15,9,1,1,0,10,8,2
06G31,Schulanfangsphase,Jahrgangsübergreifende Lerngruppe,6,144,85,59,16,11,5,31,16,15
06K01,1. Kurshalbjahr,Regelklasse (Kurshalbjahre),0,149,80,69,71,36,35,42,4,38
06K01,3. Kurshalbjahr,Regelklasse (Kurshalbjahre),0,135,62,73,53,27,26,70,34,36
06K01,Jahrgangsstufe 03,Regelklasse,5,124,68,56,76,38,38,73,38,35
06K01,Jahrgangsstufe 04,Regelklasse,5,125,60,65,78,35,43,64,29,35
06K01,Jahrgangsstufe 05,Regelklasse,5,129,71,58,56,31,25,70,39,31
06K01,Jahrgangsstufe 06,Regelklasse,5,127,63,64,54,29,25,63,36,27
06K01,Jahrgangsstufe 07,Regelklasse,6,142,71,71,73,30,43,81,39,42
06K01,Jahrgangsstufe 08,Regelklasse,6,135,56,79,73,29,44,79,34,45
06K01,Jahrgangsstufe 09,Regelklasse,6,138,70,68,59,31,28,71,33,38
06K01,Jahrgangsstufe 10,Regelklasse,6,134,64,70,56,31,25,66,35,31
06K01,Schulanfangsphase,Jahrgangsbezogene Lerngruppe,10,229,117,112,148,79,69,117,60,57
06K02,1. Kurshalbjahr,Regelklasse (Kurshalbjahre),0,100,52,48,4,3,1,11,6,5
06K02,3. Kurshalbjahr,Regelklasse (Kurshalbjahre),0,108,53,55,9,7,2,9,4,5
06K02,E-Phase,Regelklasse,4,120,58,62,5,2,3,8,4,4
06K02,Jahrgangsstufe 07,Regelklasse,6,149,86,63,9,8,1,5,4,1
06K02,Jahrgangsstufe 08,Regelklasse,8,208,113,95,5,2,3,11,7,4
06K02,Jahrgangsstufe 09,Regelklasse,6,189,116,73,17,12,5,20,15,5
06K02,Jahrgangsstufe 10,Regelklasse,6,189,105,84,7,6,1,13,7,6
06K03,1. Kurshalbjahr,Regelklasse (Kurshalbjahre),0,62,38,24,6,5,1,12,7,5
06K03,3. Kurshalbjahr,Regelklasse (Kurshalbjahre),0,52,29,23,4,2,2,6,4,2
06K03,E-Phase,Regelklasse,3,64,31,33,14,8,6,19,13,6
06K03,Jahrgangsstufe 07,Regelklasse,6,146,86,60,19,10,9,27,16,11
06K03,Jahrgangsstufe 08,Regelklasse,6,152,80,72,25,14,11,46,28,18
06K03,Jahrgangsstufe 09,Regelklasse,6,170,76,94,21,10,11,47,23,24
06K03,Jahrgangsstufe 10,Regelklasse,6,179,100,79,38,20,18,59,30,29
06K04,1. Kurshalbjahr,Regelklasse (Kurshalbjahre),0,91,36,55,15,6,9,29,12,17
06K04,3. Kurshalbjahr,Regelklasse (Kurshalbjahre),0,109,56,53,14,8,6,16,9,7
06K04,E-Phase,Regelklasse,3,84,35,49,11,4,7,20,7,13
06K04,Jahrgangsstufe 07,Regelklasse,6,146,77,69,15,12,3,20,14,6
06K04,Jahrgangsstufe 08,Regelklasse,8,198,103,95,28,18,10,65,34,31
06K04,Jahrgangsstufe 09,Förderung abschlussgefährdeter Jugendlicher,1,26,18,8,2,1,1,3,2,1
06K04,Jahrgangsstufe 09,Regelklasse,7,183,102,81,31,15,16,36,26,10
06K04,Jahrgangsstufe 10,Förderung abschlussgefährdeter Jugendlicher,1,10,8,2,3,2,1,3,2,1
06K04,Jahrgangsstufe 10,Regelklasse,6,137,79,58,27,16,11,52,32,20
06K06,Jahrgangsstufe 07,Regelklasse,3,74,47,27,7,4,3,15,7,8
06K06,Jahrgangsstufe 08,Regelklasse,3,77,42,35,8,5,3,17,11,6
06K06,Jahrgangsstufe 09,Regelklasse,3,80,49,31,1,0,1,13,8,5
06K06,Jahrgangsstufe 10,Regelklasse,3,82,47,35,4,3,1,18,14,4
06K08,Jahrgangsstufe 07,Regelklasse,4,98,49,49,2,1,1,20,14,6
06K08,Jahrgangsstufe 08,Regelklasse,4,104,58,46,6,3,3,20,14,6
06K08,Jahrgangsstufe 09,Praxislerngruppe,1,9,8,1,0,0,0,2,1,1
06K08,Jahrgangsstufe 09,Regelklasse,4,92,47,45,2,1,1,18,8,10
06K08,Jahrgangsstufe 10,Regelklasse,3,88,49,39,5,2,3,21,13,8
06K09,Jahrgangsstufe 07,Regelklasse,4,98,61,37,10,8,2,20,14,6
06K09,Jahrgangsstufe 08,Regelklasse,7,174,111,63,18,10,8,34,21,13
06K09,Jahrgangsstufe 09,Produktives Lernen,2,24,9,15,1,1,0,2,2,0
06K09,Jahrgangsstufe 09,Regelklasse,7,216,124,92,19,11,8,37,25,12
06K09,Jahrgangsstufe 10,Produktives Lernen,1,14,7,7,0,0,0,0,0,0
06K09,Jahrgangsstufe 10,Regelklasse,7,203,121,82,16,6,10,23,13,10
06K10,Jahrgangsstufe 07,Regelklasse,6,155,96,59,18,12,6,77,42,35
06K10,Jahrgangsstufe 08,Regelklasse,8,190,109,81,28,12,16,68,36,32
06K10,Jahrgangsstufe 09,Regelklasse,7,193,121,72,48,29,19,76,50,26
06K10,Jahrgangsstufe 10,Regelklasse,4,115,58,57,29,14,15,49,27,22
06K10,Jahrgangsstufe 10,Regelklasse,2,44,28,16,6,4,2,21,14,7
06P01,Jahrgangsstufe 03,Regelklasse,2,59,24,35,0,0,0,2,1,1
06P01,Jahrgangsstufe 04,Regelklasse,2,55,26,29,0,0,0,7,4,3
06P01,Jahrgangsstufe 05,Regelklasse,2,49,18,31,1,1,0,8,5,3
06P01,Jahrgangsstufe 06,Regelklasse,2,49,28,21,2,1,1,10,6,4
06P01,Schulanfangsphase,Jahrgangsbezogene Lerngruppe,5,127,60,67,1,1,0,24,15,9
06P02,Jahrgangsstufe 03,Regelklasse,1,17,6,11,0,0,0,0,0,0
06P02,Jahrgangsstufe 04,Regelklasse,1,8,5,3,0,0,0,0,0,0
06P02,Jahrgangsstufe 05,Regelklasse,1,14,9,5,0,0,0,0,0,0
06P02,Jahrgangsstufe 06,Regelklasse,1,12,4,8,0,0,0,0,0,0
06P02,Schulanfangsphase,Jahrgangsbezogene Lerngruppe,3,48,24,24,2,2,0,1,1,0
06P04,Jahrgangsstufe 03,Regelklasse,2,58,25,33,1,0,1,0,0,0
06P04,Jahrgangsstufe 04,Regelklasse,2,57,25,32,0,0,0,0,0,0
06P04,Jahrgangsstufe 05,Regelklasse,2,55,26,29,1,1,0,0,0,0
06P04,Jahrgangsstufe 06,Regelklasse,2,62,30,32,2,0,2,0,0,0
06P04,Jahrgangsstufe 07,Regelklasse,2,59,31,28,2,2,0,1,1,0
06P04,Jahrgangsstufe 08,Regelklasse,2,57,24,33,4,1,3,0,0,0
06P04,Jahrgangsstufe 09,Regelklasse,2,58,23,35,2,0,2,0,0,0
06P04,Jahrgangsstufe 10,Regelklasse,2,57,30,27,4,2,2,0,0,0
06P04,Jahrgangsstufe 11,Regelklasse,2,62,31,31,6,3,3,0,0,0
06P04,Jahrgangsstufe 12,Regelklasse,2,56,28,28,2,1,1,0,0,0
06P04,Jahrgangsstufe 13,Regelklasse,1,70,30,40,3,0,3,0,0,0
06P04,Schulanfangsphase,Jahrgangsbezogene Lerngruppe,6,165,79,86,1,0,1,0,0,0
06P05,Jahrgangsstufe 03,Regelklasse,1,33,19,14,0,0,0,1,1,0
06P05,Jahrgangsstufe 04,Regelklasse,1,32,14,18,0,0,0,0,0,0
06P05,Jahrgangsstufe 05,Regelklasse,1,34,14,20,1,1,0,2,2,0
06P05,Jahrgangsstufe 06,Regelklasse,1,34,17,17,1,1,0,0,0,0
06P05,Jahrgangsstufe 07,Regelklasse,1,33,16,17,1,0,1,1,0,1
06P05,Jahrgangsstufe 08,Regelklasse,1,33,12,21,0,0,0,2,1,1
06P05,Jahrgangsstufe 09,Regelklasse,1,31,13,18,0,0,0,0,0,0
06P05,Jahrgangsstufe 10,Regelklasse,1,31,15,16,0,0,0,0,0,0
06P05,Jahrgangsstufe 11,Regelklasse,1,29,15,14,0,0,0,0,0,0
06P05,Jahrgangsstufe 12,Regelklasse,1,21,9,12,0,0,0,0,0,0
06P05,Schulanfangsphase,Jahrgangsbezogene Lerngruppe,2,50,21,29,2,1,1,2,1,1
06P05,Schulanfangsphase,Jahrgangsübergreifende Lerngruppe,1,28,9,19,0,0,0,1,0,1
06P06,1. Kurshalbjahr,Regelklasse (Kurshalbjahre),0,28,22,6,0,0,0,0,0,0
06P06,1. Kurshalbjahr,Regelklasse (Kurshalbjahre),0,50,28,22,0,0,0,0,0,0
06P06,3. Kurshalbjahr,Regelklasse (Kurshalbjahre),0,57,28,29,1,1,0,1,1,0
06P06,3. Kurshalbjahr,Regelklasse (Kurshalbjahre),0,9,3,6,0,0,0,0,0,0
06P06,E-Phase,Gymnasiale Oberstufe gem. § 5 VO-GO,1,24,8,16,1,0,1,0,0,0
06P06,Jahrgangsstufe 03,Regelklasse,1,20,12,8,0,0,0,0,0,0
06P06,Jahrgangsstufe 04,Jahrgangsübergreifende Lerngruppe,2,35,13,22,0,0,0,0,0,0
06P06,Jahrgangsstufe 04,Regelklasse,1,21,11,10,0,0,0,0,0,0
06P06,Jahrgangsstufe 05,Regelklasse,2,32,16,16,1,0,1,1,0,1
06P06,Jahrgangsstufe 05,Regelklasse,1,17,9,8,0,0,0,0,0,0
06P06,Jahrgangsstufe 06,Regelklasse,2,41,14,27,0,0,0,0,0,0
06P06,Jahrgangsstufe 06,Regelklasse,1,20,12,8,0,0,0,0,0,0
06P06,Jahrgangsstufe 07,Regelklasse,3,60,32,28,0,0,0,0,0,0
06P06,Jahrgangsstufe 07,Regelklasse,2,38,22,16,0,0,0,0,0,0
06P06,Jahrgangsstufe 08,Regelklasse,3,65,35,30,1,1,0,1,1,0
06P06,Jahrgangsstufe 08,Regelklasse,2,41,22,19,1,1,0,0,0,0
06P06,Jahrgangsstufe 09,Regelklasse,3,63,32,31,1,1,0,1,1,0
06P06,Jahrgangsstufe 09,Regelklasse,2,43,20,23,1,0,1,0,0,0
06P06,Jahrgangsstufe 10,Regelklasse,2,45,30,15,4,4,0,0,0,0
06P06,Jahrgangsstufe 10,Regelklasse,3,63,31,32,1,0,1,1,0,1
06P06,Schulanfangsphase,Jahrgangsbezogene Lerngruppe,2,39,17,22,0,0,0,0,0,0
06P07,Abschlussstufe,Regelklasse,1,7,4,3,0,0,0,0,0,0
06P07,Eingangsstufe,Regelklasse,3,17,10,7,0,0,0,2,1,1
06P07,Mittelstufe,Regelklasse,6,50,25,25,2,1,1,4,2,2
06P07,Oberstufe,Regelklasse,4,43,21,22,1,0,1,3,0,3
06P07,Unterstufe,Regelklasse,3,19,13,6,0,0,0,3,3,0
06P08,Abschlussstufe,Regelklasse,3,28,16,12,2,0,2,2,0,2
06P08,Eingangsstufe,Regelklasse,1,10,7,3,0,0,0,0,0,0
06P08,Jahrgangsstufe 04,Regelklasse,1,3,1,2,1,0,1,1,0,1
06P08,Jahrgangsstufe 07,Regelklasse,2,15,9,6,2,0,2,2,0,2
06P08,Jahrgangsstufe 08,Regelklasse,2,17,9,8,2,2,0,2,2,0
06P08,Jahrgangsstufe 10,Regelklasse,1,9,8,1,1,1,0,1,1,0
06P08,Mittelstufe,Regelklasse,2,23,19,4,0,0,0,0,0,0
06P08,Oberstufe,Regelklasse,1,10,6,4,1,1,0,1,1,0
06P08,Unterstufe,Regelklasse,2,16,14,2,0,0,0,0,0,0
06P09,Jahrgangsstufe 03,Regelklasse,1,11,9,2,1,1,0,0,0,0
06P09,Jahrgangsstufe 04,Regelklasse,1,8,5,3,1,1,0,1,1,0
06P09,Jahrgangsstufe 05,Jahrgangsübergreifende Lerngruppe,1,13,10,3,1,1,0,1,1,0
06P09,Jahrgangsstufe 05,Regelklasse,1,11,7,4,0,0,0,0,0,0
06P09,Jahrgangsstufe 06,Jahrgangsübergreifende Lerngruppe,1,13,9,4,1,0,1,0,0,0
06P09,Schulanfangsphase,Jahrgangsbezogene Lerngruppe,2,15,10,5,0,0,0,2,1,1
06P10,Jahrgangsstufe 03,Regelklasse,9,201,103,98,44,22,22,76,44,32
06P10,Jahrgangsstufe 04,Regelklasse,9,210,108,102,52,21,31,75,31,44
06P10,Jahrgangsstufe 05,Regelklasse,9,201,106,95,52,30,22,72,38,34
06P10,Jahrgangsstufe 06,Regelklasse,8,171,92,79,45,27,18,52,29,23
06P10,Schulanfangsphase,Jahrgangsbezogene Lerngruppe,16,386,198,188,85,44,41,148,81,67
06P11,1. Kurshalbjahr,Regelklasse (Kurshalbjahre),0,125,63,62,32,17,15,32,17,15
06P11,3. Kurshalbjahr,Regelklasse (Kurshalbjahre),0,102,53,49,30,14,16,30,14,16
06P11,E-Phase,Regelklasse,3,71,35,36,3,2,1,3,2,1
06P11,Jahrgangsstufe 07,Regelklasse,7,172,80,92,48,19,29,47,19,28
06P11,Jahrgangsstufe 08,Regelklasse,8,185,107,78,42,23,19,42,23,19
06P11,Jahrgangsstufe 09,Regelklasse,7,168,87,81,47,22,25,46,21,25
06P11,Jahrgangsstufe 10,Regelklasse,6,152,89,63,32,19,13,31,18,13
06P12,Jahrgangsstufe 03,Regelklasse,2,53,27,26,0,0,0,0,0,0
06P12,Jahrgangsstufe 04,Regelklasse,2,52,24,28,0,0,0,1,1,0
06P12,Jahrgangsstufe 05,Regelklasse,2,52,22,30,0,0,0,0,0,0
06P12,Jahrgangsstufe 06,Regelklasse,2,53,19,34,0,0,0,0,0,0
06P12,Jahrgangsstufe 07,Regelklasse,2,52,22,30,0,0,0,1,1,0
06P12,Jahrgangsstufe 08,Regelklasse,2,52,23,29,0,0,0,0,0,0
06P12,Jahrgangsstufe 09,Regelklasse,2,53,30,23,1,0,1,1,0,1
06P12,Jahrgangsstufe 10,Regelklasse,2,57,33,24,2,1,1,2,1,1
06P12,Schulanfangsphase,Jahrgangsbezogene Lerngruppe,4,104,51,53,4,1,3,30,14,16
06P13,Jahrgangsstufe 04,Jahrgangsübergreifende Lerngruppe,1,14,6,8,0,0,0,0,0,0
06P13,Jahrgangsstufe 05,Regelklasse,1,10,5,5,0,0,0,0,0,0
06P13,Jahrgangsstufe 06,Regelklasse,1,13,8,5,0,0,0,1,1,0
06P13,Jahrgangsstufe 07,Regelklasse,2,26,17,9,0,0,0,1,0,1
06P13,Jahrgangsstufe 08,Regelklasse,2,31,22,9,0,0,0,0,0,0
06P13,Jahrgangsstufe 09,Regelklasse,2,29,18,11,0,0,0,2,2,0
06P13,Jahrgangsstufe 10,Regelklasse,2,30,20,10,0,0,0,0,0,0
06P13,Schulanfangsphase,Jahrgangsübergreifende Lerngruppe,1,12,5,7,0,0,0,0,0,0
06P18,Jahrgangsstufe 03,Regelklasse,2,34,18,16,3,2,1,3,1,2
06P18,Jahrgangsstufe 04,Regelklasse,2,39,21,18,1,0,1,3,1,2
06P18,Jahrgangsstufe 05,Regelklasse,1,19,8,11,0,0,0,2,0,2
06P18,Jahrgangsstufe 06,Regelklasse,1,14,10,4,0,0,0,1,0,1
06P18,Jahrgangsstufe 07,Regelklasse,1,13,8,5,0,0,0,1,1,0
06P18,Jahrgangsstufe 08,Regelklasse,1,12,7,5,1,1,0,1,1,0
06P18,Jahrgangsstufe 09,Regelklasse,1,11,8,3,0,0,0,1,0,1
06P18,Schulanfangsphase,Jahrgangsbezogene Lerngruppe,4,80,37,43,1,0,1,3,2,1
06P20,Jahrgangsstufe 04,Regelklasse,1,7,2,5,0,0,0,0,0,0
06P20,Jahrgangsstufe 05,Regelklasse,1,15,10,5,1,0,1,2,1,1
06P20,Jahrgangsstufe 06,Regelklasse,1,6,3,3,0,0,0,1,0,1
06P20,Jahrgangsstufe 07,Regelklasse,1,18,8,10,1,0,1,1,0,1
06P20,Jahrgangsstufe 08,Regelklasse,1,11,7,4,1,0,1,1,0,1
06P20,Jahrgangsstufe 09,Regelklasse,1,17,10,7,1,0,1,3,0,3
06P20,Jahrgangsstufe 10,Regelklasse,1,19,8,11,0,0,0,0,0,0
06P20,Schulanfangsphase,Jahrgangsübergreifende Lerngruppe,1,18,8,10,2,1,1,3,2,1
06S01,Jahrgangsstufe 03,Regelklasse,1,8,2,6,0,0,0,0,0,0
06S01,Jahrgangsstufe 03,Regelklasse,1,18,12,6,1,1,0,1,1,0
06S01,Jahrgangsstufe 04,Regelklasse,2,32,12,20,2,2,0,2,2,0
06S01,Jahrgangsstufe 05,Regelklasse,2,33,22,11,1,0,1,2,1,1
06S01,Jahrgangsstufe 06,Regelklasse,1,10,8,2,2,2,0,3,3,0
06S01,Jahrgangsstufe 06,Regelklasse,2,34,23,11,0,0,0,0,0,0
06S01,Jahrgangsstufe 06,Sonderpädagogische Kleinklasse,3,19,17,2,0,0,0,3,3,0
06S01,Jahrgangsstufe 07,Regelklasse,2,18,12,6,0,0,0,6,4,2
06S01,Jahrgangsstufe 08,Regelklasse,2,20,13,7,3,1,2,5,3,2
06S01,Jahrgangsstufe 10,Regelklasse,4,38,25,13,1,1,0,7,3,4
06S01,Oberstufe,Regelklasse,1,8,4,4,0,0,0,3,0,3
06S01,Schulanfangsphase,Jahrgangsübergreifende Lerngruppe,2,40,24,16,0,0,0,0,0,0
06S01,Unterstufe,Regelklasse,1,6,1,5,0,0,0,0,0,0
06S02,Jahrgangsstufe 03,Regelklasse,2,16,10,6,1,0,1,6,3,3
06S02,Jahrgangsstufe 04,Regelklasse,2,12,6,6,2,0,2,2,0,2
06S02,Jahrgangsstufe 05,Regelklasse,4,25,19,6,3,2,1,7,5,2
06S02,Jahrgangsstufe 06,Regelklasse,2,12,11,1,2,2,0,4,4,0
06S02,Jahrgangsstufe 07,Regelklasse,2,14,9,5,3,1,2,6,4,2
06S02,Jahrgangsstufe 08,Regelklasse,4,25,19,6,4,2,2,6,3,3
06S02,Jahrgangsstufe 10,Regelklasse,1,9,8,1,0,0,0,0,0,0
06S02,Schulanfangsphase,Jahrgangsbezogene Lerngruppe,5,30,24,6,1,0,1,10,7,3
06S02,Schulanfangsphase,Jahrgangsübergreifende Lerngruppe,1,6,6,0,1,1,0,2,2,0
06S03,Abschlussstufe,Regelklasse,3,14,10,4,4,4,0,4,4,0
06S03,Eingangsstufe,Regelklasse,1,6,4,2,0,0,0,3,3,0
06S03,Mittelstufe,Regelklasse,3,18,11,7,0,0,0,5,2,3
06S03,Oberstufe,Regelklasse,4,23,12,11,6,2,4,9,4,5
06S03,Unterstufe,Regelklasse,3,21,15,6,0,0,0,6,6,0
06S04,Jahrgangsstufe 07,Regelklasse,1,6,3,3,0,0,0,0,0,0
06S04,Jahrgangsstufe 08,Regelklasse,1,11,8,3,2,1,1,2,1,1
06S04,Jahrgangsstufe 10,Regelklasse,2,21,14,7,8,5,3,13,8,5
06S05,Abschlussstufe,Regelklasse,1,5,3,2,0,0,0,3,1,2
06S05,Eingangsstufe,Regelklasse,1,5,1,4,0,0,0,3,1,2
06S05,Jahrgangsstufe 03,Regelklasse,1,5,4,1,0,0,0,2,2,0
06S05,Jahrgangsstufe 04,Regelklasse,1,4,1,3,0,0,0,2,1,1
06S05,Jahrgangsstufe 05,Regelklasse,1,6,2,4,0,0,0,2,1,1
06S05,Jahrgangsstufe 07,Regelklasse,2,10,3,7,0,0,0,4,1,3
06S05,Jahrgangsstufe 08,Regelklasse,1,4,3,1,0,0,0,1,0,1
06S05,Jahrgangsstufe 09,Regelklasse,2,11,7,4,2,0,2,3,2,1
06S05,Jahrgangsstufe 10,Regelklasse,1,4,4,0,0,0,0,2,2,0
06S05,Mittelstufe,Regelklasse,2,12,5,7,0,0,0,5,0,5
06S05,Oberstufe,Regelklasse,2,10,7,3,0,0,0,4,2,2
06S05,Schulanfangsphase,Jahrgangsbezogene Lerngruppe,1,4,2,2,1,0,1,2,2,0
06S05,Unterstufe,Regelklasse,1,5,3,2,0,0,0,3,3,0
06Y01,1. Kurshalbjahr,Regelklasse (Kurshalbjahre),0,119,57,62,2,1,1,2,2,0
06Y01,3. Kurshalbjahr,Regelklasse (Kurshalbjahre),0,93,39,54,2,0,2,4,2,2
06Y01,Jahrgangsstufe 05,Altsprachlicher Bildungsgang,2,64,33,31,0,0,0,1,1,0
06Y01,Jahrgangsstufe 06,Altsprachlicher Bildungsgang,2,64,31,33,1,0,1,1,0,1
06Y01,Jahrgangsstufe 07,Altsprachlicher Bildungsgang,2,65,32,33,2,1,1,0,0,0
06Y01,Jahrgangsstufe 07,Regelklasse,3,96,57,39,0,0,0,0,0,0
06Y01,Jahrgangsstufe 08,Altsprachlicher Bildungsgang,2,64,35,29,0,0,0,0,0,0
06Y01,Jahrgangsstufe 08,Regelklasse,3,81,48,33,7,3,4,2,0,2
06Y01,Jahrgangsstufe 09,Altsprachlicher Bildungsgang,2,61,28,33,1,0,1,0,0,0
06Y01,Jahrgangsstufe 09,Regelklasse,4,111,66,45,5,1,4,9,5,4
06Y01,Jahrgangsstufe 10,Altsprachlicher Bildungsgang,2,66,28,38,2,1,1,2,1,1
06Y01,Jahrgangsstufe 10,Regelklasse,2,56,25,31,1,0,1,4,3,1
06Y02,1. Kurshalbjahr,Regelklasse (Kurshalbjahre),0,126,41,85,5,1,4,1,0,1
06Y02,3. Kurshalbjahr,Regelklasse (Kurshalbjahre),0,112,41,71,2,0,2,5,4,1
06Y02,Jahrgangsstufe 07,Regelklasse,5,145,53,92,2,1,1,1,1,0
06Y02,Jahrgangsstufe 08,Regelklasse,5,161,63,98,7,6,1,4,2,2
06Y02,Jahrgangsstufe 09,Regelklasse,5,150,55,95,5,3,2,2,2,0
06Y02,Jahrgangsstufe 10,Regelklasse,5,143,46,97,8,1,7,6,3,3
06Y03,1. Kurshalbjahr,Regelklasse (Kurshalbjahre),0,137,52,85,4,1,3,0,0,0
06Y03,3. Kurshalbjahr,Regelklasse (Kurshalbjahre),0,83,45,38,6,3,3,0,0,0
06Y03,Jahrgangsstufe 05,Altsprachlicher Bildungsgang,1,29,16,13,1,1,0,1,1,0
06Y03,Jahrgangsstufe 06,Altsprachlicher Bildungsgang,1,28,19,9,0,0,0,0,0,0
06Y03,Jahrgangsstufe 07,Altsprachlicher Bildungsgang,1,30,16,14,1,1,0,4,2,2
06Y03,Jahrgangsstufe 07,Regelklasse,2,63,32,31,2,0,2,2,0,2
06Y03,Jahrgangsstufe 08,Altsprachlicher Bildungsgang,1,32,21,11,0,0,0,0,0,0
06Y03,Jahrgangsstufe 08,Regelklasse,3,91,34,57,8,3,5,8,3,5
06Y03,Jahrgangsstufe 09,Altsprachlicher Bildungsgang,1,28,14,14,0,0,0,0,0,0
06Y03,Jahrgangsstufe 09,Regelklasse,3,94,36,58,0,0,0,0,0,0
06Y03,Jahrgangsstufe 10,Altsprachlicher Bildungsgang,1,31,14,17,3,1,2,3,1,2
06Y03,Jahrgangsstufe 10,Regelklasse,3,93,49,44,6,3,3,6,3,3
06Y04,1. Kurshalbjahr,Regelklasse (Kurshalbjahre),0,81,52,29,4,2,2,2,1,1
06Y04,3. Kurshalbjahr,Regelklasse (Kurshalbjahre),0,86,36,50,3,2,1,0,0,0
06Y04,Jahrgangsstufe 07,Regelklasse,2,58,32,26,2,1,1,4,2,2
06Y04,Jahrgangsstufe 08,Regelklasse,4,116,72,44,4,3,1,10,9,1
06Y04,Jahrgangsstufe 09,Regelklasse,5,129,78,51,9,6,3,20,14,6
06Y04,Jahrgangsstufe 10,Regelklasse,4,88,51,37,10,6,4,10,7,3
06Y05,1. Kurshalbjahr,Regelklasse (Kurshalbjahre),0,177,93,84,5,1,4,4,1,3
06Y05,3. Kurshalbjahr,Regelklasse (Kurshalbjahre),0,128,80,48,4,3,1,4,3,1
06Y05,Jahrgangsstufe 05,"Klasse ""achtjähriges Gymnasium""",2,52,33,19,1,1,0,6,4,2
06Y05,Jahrgangsstufe 06,"Klasse ""achtjähriges Gymnasium""",2,48,30,18,0,0,0,0,0,0
06Y05,Jahrgangsstufe 07,"Klasse ""achtjähriges Gymnasium""",1,28,16,12,4,1,3,3,0,3
06Y05,Jahrgangsstufe 07,Regelklasse,3,94,49,45,2,2,0,2,2,0
06Y05,Jahrgangsstufe 08,Regelklasse,3,89,55,34,4,2,2,5,3,2
06Y05,Jahrgangsstufe 09,"Klasse ""achtjähriges Gymnasium""",2,51,28,23,8,5,3,1,1,0
06Y05,Jahrgangsstufe 09,Regelklasse,4,124,66,58,10,2,8,13,4,9
06Y05,Jahrgangsstufe 10,"Klasse ""achtjähriges Gymnasium""",2,48,25,23,0,0,0,4,2,2
06Y05,Jahrgangsstufe 10,Regelklasse,3,80,36,44,2,0,2,10,1,9
06Y06,1. Kurshalbjahr,Regelklasse (Kurshalbjahre),0,169,67,102,6,5,1,8,4,4
06Y06,3. Kurshalbjahr,Regelklasse (Kurshalbjahre),0,113,45,68,3,0,3,7,4,3
06Y06,Jahrgangsstufe 07,Regelklasse,5,161,53,108,5,1,4,3,0,3
06Y06,Jahrgangsstufe 08,Regelklasse,5,159,59,100,4,2,2,22,5,17
06Y06,Jahrgangsstufe 09,Regelklasse,4,131,66,65,6,4,2,21,12,9
06Y06,Jahrgangsstufe 10,Regelklasse,4,128,54,74,6,2,4,12,3,9
06Y07,1. Kurshalbjahr,Regelklasse (Kurshalbjahre),0,110,49,61,4,3,1,4,3,1
06Y07,3. Kurshalbjahr,Regelklasse (Kurshalbjahre),0,72,33,39,5,2,3,4,2,2
06Y07,Jahrgangsstufe 07,Regelklasse,3,92,51,41,10,5,5,18,9,9
06Y07,Jahrgangsstufe 08,Regelklasse,4,121,70,51,18,9,9,22,10,12
06Y07,Jahrgangsstufe 09,Regelklasse,3,90,38,52,7,3,4,10,6,4
06Y07,Jahrgangsstufe 10,Regelklasse,4,108,49,59,17,8,9,13,5,8
06Y08,1. Kurshalbjahr,Regelklasse (Kurshalbjahre),0,77,33,44,12,6,6,20,8,12
06Y08,3. Kurshalbjahr,Regelklasse (Kurshalbjahre),0,72,34,38,12,7,5,34,18,16
06Y08,Jahrgangsstufe 07,Regelklasse,3,92,45,47,11,6,5,49,25,24
06Y08,Jahrgangsstufe 08,Regelklasse,3,94,54,40,16,10,6,60,35,25
06Y08,Jahrgangsstufe 09,Regelklasse,4,117,49,68,28,12,16,58,27,31
06Y08,Jahrgangsstufe 10,Regelklasse,3,76,29,47,42,23,19,51,23,28
06Y08,Jahrgangsstufe 11,Regelklasse,1,11,2,9,0,0,0,11,2,9
06Y08,Jahrgangsstufe 12,Regelklasse,2,23,7,16,0,0,0,23,7,16
06Y09,1. Kurshalbjahr,Regelklasse (Kurshalbjahre),0,169,57,112,6,2,4,23,5,18
06Y09,3. Kurshalbjahr,Regelklasse (Kurshalbjahre),0,88,33,55,2,0,2,0,0,0
06Y09,Jahrgangsstufe 07,Regelklasse,4,122,47,75,2,0,2,13,3,10
06Y09,Jahrgangsstufe 08,Regelklasse,4,111,51,60,6,2,4,13,4,9
06Y09,Jahrgangsstufe 09,Regelklasse,4,127,53,74,12,4,8,19,9,10
06Y09,Jahrgangsstufe 10,Regelklasse,3,89,38,51,7,2,5,24,8,16
06Y10,1. Kurshalbjahr,Regelklasse (Kurshalbjahre),0,121,63,58,2,2,0,1,1,0
06Y10,3. Kurshalbjahr,Regelklasse (Kurshalbjahre),0,128,63,65,8,6,2,2,1,1
06Y10,Jahrgangsstufe 07,Regelklasse,4,124,60,64,8,2,6,7,1,6
06Y10,Jahrgangsstufe 08,Regelklasse,4,128,49,79,6,5,1,14,6,8
06Y10,Jahrgangsstufe 09,Regelklasse,4,121,52,69,4,2,2,9,6,3
06Y10,Jahrgangsstufe 10,Regelklasse,4,107,53,54,4,3,1,2,2,0
06Y11,1. Kurshalbjahr,Regelklasse (Kurshalbjahre),0,148,67,81,3,0,3,6,3,3
06Y11,3. Kurshalbjahr,Regelklasse (Kurshalbjahre),0,118,49,69,3,1,2,5,3,2
06Y11,Jahrgangsstufe 07,Regelklasse,4,120,49,71,9,2,7,13,3,10
06Y11,Jahrgangsstufe 08,Regelklasse,4,130,55,75,4,3,1,4,3,1
06Y11,Jahrgangsstufe 09,Regelklasse,4,135,52,83,4,2,2,11,4,7
06Y11,Jahrgangsstufe 10,Regelklasse,4,128,45,83,2,0,2,1,0,1
06Y12,1. Kurshalbjahr,Regelklasse (Kurshalbjahre),0,113,57,56,8,4,4,14,6,8
06Y12,3. Kurshalbjahr,Regelklasse (Kurshalbjahre),0,100,59,41,13,11,2,9,5,4
06Y12,Jahrgangsstufe 07,Regelklasse,4,119,60,59,5,1,4,13,7,6
06Y12,Jahrgangsstufe 08,Regelklasse,4,111,54,57,7,2,5,21,12,9
06Y12,Jahrgangsstufe 09,Regelklasse,4,119,53,66,17,10,7,25,11,14
06Y12,Jahrgangsstufe 10,Regelklasse,4,114,60,54,7,4,3,13,6,7
06Y13,1. Kurshalbjahr,Regelklasse (Kurshalbjahre),0,93,42,51,1,0,1,2,1,1
06Y13,3. Kurshalbjahr,Regelklasse (Kurshalbjahre),0,126,56,70,20,7,13,20,9,11
06Y13,Jahrgangsstufe 05,Altsprachlicher Bildungsgang,4,104,48,56,4,1,3,19,9,10
06Y13,Jahrgangsstufe 06,Altsprachlicher Bildungsgang,5,144,67,77,3,0,3,16,4,12
06Y13,Jahrgangsstufe 07,Altsprachlicher Bildungsgang,4,110,56,54,5,2,3,10,4,6
06Y13,Jahrgangsstufe 07,Klasse der Staatlichen Europaschule,1,26,13,13,26,13,13,24,11,13
06Y13,Jahrgangsstufe 08,Altsprachlicher Bildungsgang,4,111,56,55,3,0,3,7,2,5
06Y13,Jahrgangsstufe 08,Klasse der Staatlichen Europaschule,1,25,12,13,18,9,9,24,12,12
06Y13,Jahrgangsstufe 09,Altsprachlicher Bildungsgang,4,114,55,59,7,4,3,9,6,3
06Y13,Jahrgangsstufe 09,Klasse der Staatlichen Europaschule,1,22,10,12,22,10,12,22,10,12
06Y13,Jahrgangsstufe 10,Altsprachlicher Bildungsgang,4,121,61,60,11,5,6,8,2,6
06Y13,Jahrgangsstufe 10,Klasse der Staatlichen Europaschule,1,20,9,11,20,9,11,20,9,11
07G01,Jahrgangsstufe 03,Regelklasse,2,39,16,23,9,3,6,34,12,22
07G01,Jahrgangsstufe 04,Regelklasse,2,41,20,21,6,4,2,38,19,19
07G01,Jahrgangsstufe 04,Sonderpädagogische Kleinklasse,1,2,2,0,0,0,0,2,2,0
07G01,Jahrgangsstufe 05,Regelklasse,2,45,23,22,6,4,2,40,20,20
07G01,Jahrgangsstufe 06,Regelklasse,2,51,25,26,3,2,1,41,23,18
07G01,Jahrgangsstufe 06,Sonderpädagogische Kleinklasse,1,2,2,0,0,0,0,2,2,0
07G01,Schulanfangsphase,Jahrgangsbezogene Lerngruppe,1,20,9,11,4,2,2,19,9,10
07G01,Schulanfangsphase,Jahrgangsübergreifende Lerngruppe,4,89,47,42,11,8,3,81,43,38
07G02,Jahrgangsstufe 03,Klasse der Staatlichen Europaschule,2,52,30,22,40,24,16,42,24,18
07G02,Jahrgangsstufe 03,Regelklasse,2,44,23,21,8,3,5,36,20,16
07G02,Jahrgangsstufe 04,Klasse der Staatlichen Europaschule,2,54,27,27,32,17,15,36,19,17
07G02,Jahrgangsstufe 04,Regelklasse,2,47,23,24,9,4,5,37,18,19
07G02,Jahrgangsstufe 05,Klasse der Staatlichen Europaschule,2,47,25,22,9,3,6,32,20,12
07G02,Jahrgangsstufe 05,Regelklasse,2,43,23,20,6,4,2,27,14,13
07G02,Jahrgangsstufe 06,Klasse der Staatlichen Europaschule,2,46,25,21,17,10,7,33,18,15
07G02,Jahrgangsstufe 06,Regelklasse,2,43,23,20,3,3,0,30,15,15
07G02,Schulanfangsphase,Jahrgangsübergreifende Lerngruppe,4,95,51,44,28,19,9,84,47,37
07G02,Schulanfangsphase,Klasse der Staatlichen Europaschule,5,107,55,52,76,48,28,91,47,44
07G03,Jahrgangsstufe 03,Jahrgangsübergreifende Lerngruppe,9,224,119,105,8,6,2,103,55,48
07G03,Jahrgangsstufe 04,Regelklasse,3,81,33,48,3,0,3,30,10,20
07G03,Jahrgangsstufe 05,Regelklasse,3,79,40,39,3,2,1,37,22,15
07G03,Jahrgangsstufe 06,Regelklasse,3,74,39,35,2,2,0,31,21,10
07G05,Jahrgangsstufe 03,Jahrgangsübergreifende Lerngruppe,9,200,92,108,8,3,5,127,56,71
07G05,Jahrgangsstufe 04,Regelklasse,2,45,24,21,2,1,1,32,16,16
07G05,Jahrgangsstufe 05,Regelklasse,4,68,43,25,4,3,1,48,32,16
07G05,Jahrgangsstufe 06,Regelklasse,2,49,27,22,5,3,2,31,19,12
07G06,Jahrgangsstufe 03,Regelklasse,2,44,26,18,11,5,6,25,16,9
07G06,Jahrgangsstufe 04,Regelklasse,2,40,21,19,7,4,3,30,15,15
07G06,Jahrgangsstufe 05,Regelklasse,2,40,20,20,17,8,9,29,14,15
07G06,Jahrgangsstufe 06,Regelklasse,2,41,22,19,8,3,5,24,12,12
07G06,Schulanfangsphase,Jahrgangsübergreifende Lerngruppe,4,97,52,45,17,8,9,74,37,37
07G07,Jahrgangsstufe 03,Regelklasse,3,68,36,32,1,1,0,27,12,15
07G07,Jahrgangsstufe 04,Regelklasse,2,48,29,19,7,6,1,21,13,8
07G07,Jahrgangsstufe 05,Regelklasse,2,40,20,20,1,0,1,17,8,9
07G07,Jahrgangsstufe 06,Regelklasse,2,42,19,23,11,5,6,19,8,11
07G07,Schulanfangsphase,Jahrgangsbezogene Lerngruppe,1,23,11,12,2,1,1,13,6,7
07G07,Schulanfangsphase,Jahrgangsübergreifende Lerngruppe,4,97,49,48,6,3,3,50,23,27
07G10,Jahrgangsstufe 03,Regelklasse,2,50,28,22,15,8,7,34,20,14
07G10,Jahrgangsstufe 04,Regelklasse,2,50,25,25,21,10,11,42,19,23
07G10,Jahrgangsstufe 05,Regelklasse,2,36,18,18,23,9,14,32,15,17
07G10,Jahrgangsstufe 06,Regelklasse,2,36,17,19,10,3,7,28,12,16
07G10,Schulanfangsphase,Jahrgangsbezogene Lerngruppe,2,37,28,9,11,10,1,26,20,6
07G10,Schulanfangsphase,Jahrgangsübergreifende Lerngruppe,5,113,59,54,32,19,13,66,35,31
07G12,Jahrgangsstufe 03,Regelklasse,3,79,45,34,5,2,3,34,22,12
07G12,Jahrgangsstufe 03,Sonderpädagogische Kleinklasse,1,4,4,0,0,0,0,0,0,0
07G12,Jahrgangsstufe 04,Regelklasse,3,77,38,39,8,2,6,34,18,16
07G12,Jahrgangsstufe 05,Regelklasse,2,47,24,23,5,3,2,24,14,10
07G12,Jahrgangsstufe 06,Lerngruppen für Neuzugänge ohne Deutschkenntnisse,1,13,4,9,13,4,9,13,4,9
07G12,Jahrgangsstufe 06,Regelklasse,3,63,31,32,7,4,3,33,19,14
07G12,Schulanfangsphase,Jahrgangsübergreifende Lerngruppe,7,166,83,83,8,4,4,72,41,31
07G13,Jahrgangsstufe 03,Regelklasse,2,34,20,14,3,2,1,30,17,13
07G13,Jahrgangsstufe 04,Regelklasse,2,38,13,25,12,4,8,35,10,25
07G13,Jahrgangsstufe 05,Regelklasse,2,39,18,21,12,6,6,39,18,21
07G13,Jahrgangsstufe 06,Regelklasse,2,36,19,17,9,4,5,32,16,16
07G13,Schulanfangsphase,Jahrgangsübergreifende Lerngruppe,5,104,58,46,19,9,10,100,54,46
07G14,Jahrgangsstufe 03,Regelklasse,3,78,37,41,13,6,7,33,16,17
07G14,Jahrgangsstufe 04,Regelklasse,2,52,32,20,13,10,3,25,16,9
07G14,Jahrgangsstufe 05,Regelklasse,2,52,36,16,6,3,3,16,9,7
07G14,Jahrgangsstufe 06,Regelklasse,2,50,24,26,8,3,5,12,2,10
07G14,Schulanfangsphase,Jahrgangsbezogene Lerngruppe,6,144,83,61,31,19,12,51,31,20
07G15,Jahrgangsstufe 03,Regelklasse,4,95,46,49,1,0,1,20,10,10
07G15,Jahrgangsstufe 04,Regelklasse,4,96,42,54,3,3,0,13,4,9
07G15,Jahrgangsstufe 05,Regelklasse,4,95,49,46,1,1,0,11,6,5
07G15,Jahrgangsstufe 06,Regelklasse,4,99,48,51,0,0,0,17,6,11
07G15,Schulanfangsphase,Jahrgangsbezogene Lerngruppe,8,190,79,111,5,2,3,73,24,49
07G16,Jahrgangsstufe 03,Regelklasse,4,103,50,53,3,1,2,23,14,9
07G16,Jahrgangsstufe 04,Regelklasse,3,76,40,36,10,3,7,25,14,11
07G16,Jahrgangsstufe 05,Regelklasse,2,50,19,31,3,2,1,18,7,11
07G16,Jahrgangsstufe 06,Regelklasse,2,50,17,33,3,1,2,13,4,9
07G16,Schulanfangsphase,Jahrgangsbezogene Lerngruppe,8,202,108,94,4,3,1,72,48,24
07G17,Jahrgangsstufe 03,Jahrgangsübergreifende Lerngruppe,9,235,123,112,4,4,0,15,8,7
07G17,Jahrgangsstufe 04,Regelklasse,3,81,33,48,1,0,1,11,6,5
07G17,Jahrgangsstufe 05,Regelklasse,3,82,46,36,3,1,2,10,6,4
07G17,Jahrgangsstufe 06,Regelklasse,3,76,39,37,1,1,0,9,5,4
07G18,Jahrgangsstufe 03,Jahrgangsübergreifende Lerngruppe,6,144,77,67,6,5,1,60,32,28
07G18,Jahrgangsstufe 04,Lerngruppen für Neuzugänge ohne Deutschkenntnisse,1,12,6,6,12,6,6,12,6,6
07G18,Jahrgangsstufe 04,Regelklasse,2,48,28,20,3,1,2,19,8,11
07G18,Jahrgangsstufe 05,Regelklasse,2,48,22,26,3,0,3,19,9,10
07G18,Jahrgangsstufe 06,Regelklasse,2,48,27,21,4,3,1,21,13,8
07G19,Jahrgangsstufe 03,Regelklasse,3,64,22,42,6,2,4,44,13,31
07G19,Jahrgangsstufe 04,Regelklasse,3,64,31,33,9,5,4,45,20,25
07G19,Jahrgangsstufe 05,Regelklasse,3,57,29,28,8,2,6,39,18,21
07G19,Jahrgangsstufe 06,Regelklasse,3,56,28,28,11,5,6,39,19,20
07G19,Schulanfangsphase,Jahrgangsbezogene Lerngruppe,2,40,23,17,7,5,2,30,18,12
07G19,Schulanfangsphase,Jahrgangsübergreifende Lerngruppe,5,119,63,56,14,8,6,70,39,31
07G20,Jahrgangsstufe 03,Jahrgangsübergreifende Lerngruppe,10,241,136,105,26,12,14,139,82,57
07G20,Jahrgangsstufe 04,Regelklasse,3,80,35,45,12,5,7,45,17,28
07G20,Jahrgangsstufe 05,Regelklasse,3,69,29,40,12,6,6,33,15,18
07G20,Jahrgangsstufe 06,Regelklasse,3,75,41,34,9,5,4,33,18,15
07G21,Jahrgangsstufe 03,Regelklasse,3,79,33,46,11,3,8,27,10,17
07G21,Jahrgangsstufe 04,Regelklasse,3,75,33,42,9,4,5,24,10,14
07G21,Jahrgangsstufe 05,Regelklasse,3,69,36,33,11,6,5,24,14,10
07G21,Jahrgangsstufe 06,Regelklasse,3,69,38,31,7,5,2,28,16,12
07G21,Schulanfangsphase,Jahrgangsbezogene Lerngruppe,1,23,11,12,2,0,2,7,5,2
07G21,Schulanfangsphase,Jahrgangsübergreifende Lerngruppe,6,140,75,65,8,4,4,54,34,20
07G22,Jahrgangsstufe 03,Jahrgangsübergreifende Lerngruppe,11,274,132,142,3,2,1,127,66,61
07G22,Jahrgangsstufe 04,Regelklasse,3,81,40,41,4,1,3,42,20,22
07G22,Jahrgangsstufe 05,Regelklasse,4,89,45,44,5,2,3,45,23,22
07G22,Jahrgangsstufe 06,Regelklasse,3,76,35,41,6,3,3,24,10,14
07G22,Schulanfangsphase,Jahrgangsübergreifende Lerngruppe,1,18,9,9,0,0,0,8,3,5
07G23,Jahrgangsstufe 03,Regelklasse,2,46,23,23,4,2,2,18,10,8
07G23,Jahrgangsstufe 04,Regelklasse,2,31,18,13,2,1,1,15,9,6
07G23,Jahrgangsstufe 05,Regelklasse,2,47,21,26,2,0,2,22,10,12
07G23,Jahrgangsstufe 06,Regelklasse,2,48,23,25,4,2,2,22,12,10
07G23,Schulanfangsphase,Jahrgangsübergreifende Lerngruppe,4,93,41,52,6,0,6,36,14,22
07G24,Jahrgangsstufe 03,Regelklasse,2,40,24,16,2,1,1,24,13,11
07G24,Jahrgangsstufe 04,Regelklasse,2,46,22,24,1,1,0,30,16,14
07G24,Jahrgangsstufe 05,Regelklasse,2,39,26,13,2,2,0,20,12,8
07G24,Jahrgangsstufe 06,Regelklasse,2,40,26,14,3,3,0,24,14,10
07G24,Schulanfangsphase,Jahrgangsbezogene Lerngruppe,1,18,7,11,2,1,1,11,4,7
07G24,Schulanfangsphase,Jahrgangsübergreifende Lerngruppe,3,54,23,31,3,2,1,36,15,21
07G25,Jahrgangsstufe 03,Regelklasse,3,60,35,25,9,5,4,41,22,19
07G25,Jahrgangsstufe 04,Regelklasse,2,51,28,23,4,2,2,30,18,12
07G25,Jahrgangsstufe 05,Regelklasse,3,69,32,37,9,4,5,47,23,24
07G25,Jahrgangsstufe 06,Regelklasse,3,60,29,31,7,2,5,36,15,21
07G25,Schulanfangsphase,Jahrgangsbezogene Lerngruppe,1,21,9,12,5,2,3,15,6,9
07G25,Schulanfangsphase,Jahrgangsübergreifende Lerngruppe,5,105,54,51,15,7,8,80,41,39
07G26,Jahrgangsstufe 03,Regelklasse,3,61,35,26,1,1,0,11,5,6
07G26,Jahrgangsstufe 04,Regelklasse,2,43,27,16,0,0,0,8,4,4
07G26,Jahrgangsstufe 05,Regelklasse,2,49,27,22,1,0,1,17,10,7
07G26,Jahrgangsstufe 06,Regelklasse,2,46,32,14,1,1,0,16,12,4
07G26,Schulanfangsphase,Jahrgangsübergreifende Lerngruppe,4,104,55,49,7,6,1,18,9,9
07G27,Jahrgangsstufe 03,Jahrgangsübergreifende Lerngruppe,6,139,75,64,18,9,9,83,49,34
07G27,Jahrgangsstufe 03,Lerngruppen für Neuzugänge ohne Deutschkenntnisse,1,12,4,8,12,4,8,12,4,8
07G27,Jahrgangsstufe 03,Regelklasse,1,18,10,8,3,1,2,14,8,6
07G27,Jahrgangsstufe 04,Regelklasse,2,49,17,32,10,5,5,25,10,15
07G27,Jahrgangsstufe 05,Regelklasse,2,45,21,24,2,0,2,25,10,15
07G27,Jahrgangsstufe 06,Lerngruppen für Neuzugänge ohne Deutschkenntnisse,1,12,8,4,12,8,4,12,8,4
07G27,Jahrgangsstufe 06,Regelklasse,2,36,13,23,4,1,3,17,7,10
07G28,Jahrgangsstufe 03,Jahrgangsübergreifende Lerngruppe,3,71,34,37,14,4,10,27,8,19
07G28,Jahrgangsstufe 03,Regelklasse,1,26,15,11,7,3,4,15,9,6
07G28,Jahrgangsstufe 04,Regelklasse,3,82,45,37,9,4,5,21,14,7
07G28,Jahrgangsstufe 05,Regelklasse,3,65,38,27,13,8,5,28,16,12
07G28,Jahrgangsstufe 06,Lerngruppen für Neuzugänge ohne Deutschkenntnisse,3,36,19,17,36,19,17,36,19,17
07G28,Jahrgangsstufe 06,Regelklasse,2,56,27,29,11,7,4,23,14,9
07G28,Schulanfangsphase,Jahrgangsbezogene Lerngruppe,4,99,51,48,15,7,8,34,16,18
07G28,Schulanfangsphase,Jahrgangsübergreifende Lerngruppe,1,22,13,9,22,13,9,22,13,9
07G29,Jahrgangsstufe 03,Regelklasse,4,96,52,44,1,1,0,24,15,9
07G29,Jahrgangsstufe 04,Regelklasse,4,97,57,40,2,1,1,23,14,9
07G29,Jahrgangsstufe 05,Regelklasse,3,78,39,39,0,0,0,10,8,2
07G29,Jahrgangsstufe 06,Regelklasse,3,84,46,38,1,1,0,11,5,6
07G29,Schulanfangsphase,Jahrgangsbezogene Lerngruppe,8,190,98,92,3,1,2,52,25,27
07G30,Jahrgangsstufe 03,Regelklasse,3,56,33,23,4,1,3,22,12,10
07G30,Jahrgangsstufe 03,Sonderpädagogische Kleinklasse,1,5,3,2,0,0,0,3,3,0
07G30,Jahrgangsstufe 04,Regelklasse,3,71,35,36,10,4,6,28,15,13
07G30,Jahrgangsstufe 04,Sonderpädagogische Kleinklasse,1,7,7,0,0,0,0,3,3,0
07G30,Jahrgangsstufe 05,Regelklasse,3,60,25,35,4,0,4,15,6,9
07G30,Jahrgangsstufe 06,Regelklasse,4,89,48,41,10,6,4,25,11,14
07G30,Schulanfangsphase,Jahrgangsübergreifende Lerngruppe,5,105,53,52,11,4,7,40,20,20
07G30,Schulanfangsphase,Sonderpädagogische Kleinklasse,1,5,5,0,0,0,0,2,2,0
07G31,Jahrgangsstufe 03,Regelklasse,3,76,37,39,9,6,3,16,9,7
07G31,Jahrgangsstufe 04,Regelklasse,3,63,31,32,21,11,10,21,11,10
07G31,Jahrgangsstufe 05,Regelklasse,3,64,29,35,15,9,6,15,9,6
07G31,Jahrgangsstufe 06,Regelklasse,3,58,33,25,16,9,7,16,9,7
07G31,Schulanfangsphase,Jahrgangsbezogene Lerngruppe,6,136,72,64,23,7,16,29,10,19
07G32,Jahrgangsstufe 03,Jahrgangsübergreifende Lerngruppe,8,178,84,94,6,2,4,35,18,17
07G32,Jahrgangsstufe 04,Regelklasse,3,76,30,46,0,0,0,8,4,4
07G32,Jahrgangsstufe 05,Regelklasse,3,79,37,42,0,0,0,19,8,11
07G32,Jahrgangsstufe 06,Lerngruppen für Neuzugänge ohne Deutschkenntnisse,2,15,5,10,12,5,7,15,5,10
07G32,Jahrgangsstufe 06,Regelklasse,3,72,30,42,0,0,0,10,5,5
07G34,Jahrgangsstufe 03,Regelklasse,4,85,41,44,3,2,1,35,18,17
07G34,Jahrgangsstufe 04,Regelklasse,3,70,41,29,4,3,1,13,8,5
07G34,Jahrgangsstufe 05,Regelklasse,3,58,29,29,4,3,1,25,17,8
07G34,Jahrgangsstufe 06,Regelklasse,3,74,43,31,9,3,6,30,18,12
07G34,Schulanfangsphase,Jahrgangsbezogene Lerngruppe,4,90,50,40,7,6,1,31,15,16
07G34,Schulanfangsphase,Jahrgangsübergreifende Lerngruppe,5,96,45,51,0,0,0,31,16,15
07G34,Schulanfangsphase,Lerngruppen für Neuzugänge ohne Deutschkenntnisse,2,21,13,8,19,11,8,21,13,8
07G35,Jahrgangsstufe 03,Jahrgangsübergreifende Lerngruppe,9,201,101,100,17,6,11,95,45,50
07G35,Jahrgangsstufe 04,Regelklasse,2,51,38,13,4,4,0,21,15,6
07G35,Jahrgangsstufe 04,Sonderpädagogische Kleinklasse,1,5,5,0,0,0,0,2,2,0
07G35,Jahrgangsstufe 05,Regelklasse,3,71,31,40,6,3,3,37,18,19
07G35,Jahrgangsstufe 06,Regelklasse,3,73,37,36,7,4,3,32,19,13
07G35,Schulanfangsphase,Jahrgangsbezogene Lerngruppe,1,21,10,11,1,1,0,8,5,3
07G35,Schulanfangsphase,Sonderpädagogische Kleinklasse,5,45,33,12,3,1,2,23,19,4
07G36,Jahrgangsstufe 03,Regelklasse,3,73,46,27,1,1,0,30,20,10
07G36,Jahrgangsstufe 04,Regelklasse,3,66,27,39,6,3,3,29,6,23
07G36,Jahrgangsstufe 05,Regelklasse,3,69,39,30,1,1,0,30,19,11
07G36,Jahrgangsstufe 06,Regelklasse,3,77,37,40,4,4,0,31,16,15
07G36,Schulanfangsphase,Jahrgangsbezogene Lerngruppe,7,162,79,83,6,5,1,65,36,29
07G37,Jahrgangsstufe 03,Regelklasse,3,70,39,31,0,0,0,44,22,22
07G37,Jahrgangsstufe 04,Regelklasse,3,78,42,36,0,0,0,37,18,19
07G37,Jahrgangsstufe 05,Regelklasse,3,80,42,38,0,0,0,38,21,17
07G37,Jahrgangsstufe 06,Regelklasse,3,83,46,37,0,0,0,35,20,15
07G37,Schulanfangsphase,Jahrgangsbezogene Lerngruppe,1,20,12,8,0,0,0,9,5,4
07G37,Schulanfangsphase,Jahrgangsübergreifende Lerngruppe,6,133,69,64,0,0,0,60,32,28
07K01,1. Kurshalbjahr,Regelklasse (Kurshalbjahre),0,139,66,73,38,16,22,36,15,21
07K01,3. Kurshalbjahr,Regelklasse (Kurshalbjahre),0,114,41,73,13,5,8,15,6,9
07K01,E-Phase,Klasse der Staatlichen Europaschule,2,44,21,23,1,1,0,3,1,2
07K01,E-Phase,Regelklasse,4,91,43,48,9,5,4,6,5,1
07K01,Jahrgangsstufe 07,Klasse der Staatlichen Europaschule,2,47,21,26,13,6,7,25,13,12
07K01,Jahrgangsstufe 07,Regelklasse,4,102,48,54,2,1,1,20,17,3
07K01,Jahrgangsstufe 08,Klasse der Staatlichen Europaschule,2,54,22,32,11,6,5,20,6,14
07K01,Jahrgangsstufe 08,Regelklasse,7,182,95,87,8,6,2,14,9,5
07K01,Jahrgangsstufe 09,Klasse der Staatlichen Europaschule,2,51,24,27,12,5,7,17,8,9
07K01,Jahrgangsstufe 09,Regelklasse,6,159,76,83,13,5,8,25,10,15
07K01,Jahrgangsstufe 10,Klasse der Staatlichen Europaschule,2,54,20,34,12,4,8,10,4,6
07K01,Jahrgangsstufe 10,Regelklasse,6,170,74,96,11,4,7,12,7,5
07K02,1. Kurshalbjahr,Regelklasse (Kurshalbjahre),0,106,42,64,5,3,2,24,14,10
07K02,3. Kurshalbjahr,Regelklasse (Kurshalbjahre),0,111,51,60,10,5,5,27,14,13
07K02,E-Phase,Regelklasse,3,98,35,63,6,3,3,26,9,17
07K02,Jahrgangsstufe 07,Regelklasse,7,183,91,92,9,3,6,44,18,26
07K02,Jahrgangsstufe 08,Regelklasse,7,179,89,90,10,7,3,16,10,6
07K02,Jahrgangsstufe 09,Regelklasse,7,185,99,86,12,4,8,35,17,18
07K02,Jahrgangsstufe 10,Regelklasse,6,176,96,80,14,9,5,34,20,14
07K03,1. Kurshalbjahr,Regelklasse (Kurshalbjahre),0,145,64,81,4,4,0,11,7,4
07K03,3. Kurshalbjahr,Regelklasse (Kurshalbjahre),0,137,66,71,7,4,3,10,5,5
07K03,E-Phase,Regelklasse,4,114,43,71,1,0,1,2,0,2
07K03,Jahrgangsstufe 05,Regelklasse,1,32,14,18,1,1,0,1,1,0
07K03,Jahrgangsstufe 06,Regelklasse,1,20,12,8,0,0,0,0,0,0
07K03,Jahrgangsstufe 07,Regelklasse,8,210,114,96,12,7,5,31,17,14
07K03,Jahrgangsstufe 08,Regelklasse,8,239,109,130,15,10,5,18,13,5
07K03,Jahrgangsstufe 09,Lerngruppen für Neuzugänge ohne Deutschkenntnisse,1,13,7,6,12,7,5,13,7,6
07K03,Jahrgangsstufe 09,Regelklasse,8,225,102,123,10,5,5,18,8,10
07K03,Jahrgangsstufe 10,Regelklasse,8,248,123,125,16,9,7,23,11,12
07K04,Jahrgangsstufe 07,Regelklasse,5,125,82,43,22,16,6,36,24,12
07K04,Jahrgangsstufe 08,Regelklasse,10,235,130,105,50,30,20,129,70,59
07K04,Jahrgangsstufe 09,Praxislerngruppe,2,35,23,12,9,4,5,16,8,8
07K04,Jahrgangsstufe 09,Regelklasse,5,122,73,49,16,10,6,42,25,17
07K04,Jahrgangsstufe 10,Regelklasse,1,19,15,4,1,0,1,9,7,2
07K04,Jahrgangsstufe 10,Regelklasse,2,57,25,32,14,5,9,27,9,18
07K05,Jahrgangsstufe 07,Regelklasse,5,127,65,62,7,4,3,25,15,10
07K05,Jahrgangsstufe 08,Regelklasse,6,148,81,67,15,10,5,39,23,16
07K05,Jahrgangsstufe 09,Praxislerngruppe,1,13,10,3,2,1,1,3,2,1
07K05,Jahrgangsstufe 09,Regelklasse,6,148,82,66,19,10,9,31,18,13
07K05,Jahrgangsstufe 10,Praxisklasse,1,16,11,5,1,1,0,3,2,1
07K05,Jahrgangsstufe 10,Regelklasse,4,100,56,44,3,2,1,20,9,11
07K05,Jahrgangsstufe 10,Regelklasse,2,39,18,21,3,2,1,18,10,8
07K06,Jahrgangsstufe 07,Klasse der Staatlichen Europaschule,2,31,12,19,15,7,8,17,8,9
07K06,Jahrgangsstufe 07,Regelklasse,3,79,33,46,13,7,6,42,17,25
07K06,Jahrgangsstufe 08,Klasse der Staatlichen Europaschule,2,44,23,21,23,15,8,23,15,8
07K06,Jahrgangsstufe 08,Regelklasse,4,104,55,49,25,16,9,57,35,22
07K06,Jahrgangsstufe 09,Regelklasse,5,124,53,71,46,20,26,79,32,47
07K06,Jahrgangsstufe 10,Regelklasse,4,113,54,59,31,11,20,62,24,38
07K07,Jahrgangsstufe 07,Regelklasse,4,89,50,39,11,6,5,47,29,18
07K07,Jahrgangsstufe 08,Lerngruppen für Neuzugänge ohne Deutschkenntnisse,4,48,31,17,44,29,15,48,31,17
07K07,Jahrgangsstufe 08,Regelklasse,6,142,80,62,26,16,10,78,51,27
07K07,Jahrgangsstufe 09,Regelklasse,5,119,58,61,37,15,22,85,42,43
07K07,Jahrgangsstufe 10,Regelklasse,4,72,45,27,30,21,9,47,31,16
07K07,Jahrgangsstufe 10,Regelklasse,4,109,64,45,26,12,14,69,41,28
07K09,Jahrgangsstufe 07,Regelklasse,4,81,40,41,21,11,10,69,31,38
07K09,Jahrgangsstufe 08,Regelklasse,5,102,57,45,47,30,17,81,48,33
07K09,Jahrgangsstufe 09,Regelklasse,5,108,63,45,46,27,19,94,54,40
07K09,Jahrgangsstufe 10,Regelklasse,4,86,48,38,42,24,18,72,38,34
07K10,Jahrgangsstufe 07,Regelklasse,4,104,56,48,18,9,9,63,30,33
07K10,Jahrgangsstufe 08,Regelklasse,5,129,71,58,30,14,16,78,41,37
07K10,Jahrgangsstufe 09,Regelklasse,4,105,47,58,21,10,11,55,25,30
07K10,Jahrgangsstufe 10,Regelklasse,4,117,69,48,33,22,11,76,49,27
07K11,Jahrgangsstufe 07,Regelklasse,5,128,71,57,17,12,5,102,60,42
07K11,Jahrgangsstufe 08,Regelklasse,5,130,79,51,47,26,21,87,49,38
07K11,Jahrgangsstufe 09,Lerngruppen für Neuzugänge ohne Deutschkenntnisse,1,13,8,5,13,8,5,13,8,5
07K11,Jahrgangsstufe 09,Regelklasse,4,108,63,45,29,18,11,72,40,32
07K11,Jahrgangsstufe 10,Regelklasse,4,95,53,42,23,9,14,70,34,36
07K12,Jahrgangsstufe 03,Jahrgangsübergreifende Lerngruppe,12,254,126,128,19,10,9,164,85,79
07K12,Jahrgangsstufe 04,Regelklasse,3,69,32,37,3,2,1,35,19,16
07K12,Jahrgangsstufe 05,Regelklasse,3,60,36,24,9,5,4,32,21,11
07K12,Jahrgangsstufe 06,Regelklasse,3,58,31,27,9,5,4,37,20,17
07K12,Jahrgangsstufe 07,Regelklasse,3,72,37,35,16,11,5,54,28,26
07K12,Jahrgangsstufe 08,Regelklasse,6,131,77,54,39,22,17,94,53,41
07K12,Jahrgangsstufe 09,Lerngruppen für Neuzugänge ohne Deutschkenntnisse,2,24,16,8,24,16,8,24,16,8
07K12,Jahrgangsstufe 09,Produktives Lernen,2,26,17,9,5,4,1,8,6,2
07K12,Jahrgangsstufe 09,Regelklasse,4,91,51,40,40,24,16,66,38,28
07K12,Jahrgangsstufe 10,Produktives Lernen,1,12,4,8,4,1,3,4,1,3
07K12,Jahrgangsstufe 10,Regelklasse,3,71,43,28,27,14,13,59,36,23
07K12,Jahrgangsstufe 10,Regelklasse,3,55,30,25,11,6,5,41,21,20
07P01,1. Kurshalbjahr,Regelklasse (Kurshalbjahre),0,76,43,33,32,16,16,35,21,14
07P01,3. Kurshalbjahr,Regelklasse (Kurshalbjahre),0,54,25,29,5,2,3,26,10,16
07P01,E-Phase,Gymnasiale Oberstufe gem. § 5 VO-GO,1,32,10,22,4,3,1,17,5,12
07P01,E-Phase,Regelklasse,1,29,10,19,10,5,5,8,3,5
07P01,Jahrgangsstufe 03,Jahrgangsübergreifende Lerngruppe,3,83,38,45,13,4,9,28,15,13
07P01,Jahrgangsstufe 03,Regelklasse,1,25,10,15,2,0,2,17,6,11
07P01,Jahrgangsstufe 04,Regelklasse,2,56,32,24,1,0,1,22,10,12
07P01,Jahrgangsstufe 05,Regelklasse,2,48,20,28,4,2,2,24,8,16
07P01,Jahrgangsstufe 06,Regelklasse,2,50,29,21,7,5,2,27,16,11
07P01,Jahrgangsstufe 07,Regelklasse,4,100,44,56,11,3,8,35,13,22
07P01,Jahrgangsstufe 08,Regelklasse,4,109,56,53,32,14,18,56,23,33
07P01,Jahrgangsstufe 09,Regelklasse,4,104,46,58,13,4,9,24,11,13
07P01,Jahrgangsstufe 10,Regelklasse,4,105,57,48,16,7,9,25,12,13
07P01,Schulanfangsphase,Jahrgangsbezogene Lerngruppe,2,56,26,30,3,1,2,40,18,22
07P04,Jahrgangsstufe 03,Regelklasse,3,78,37,41,0,0,0,26,14,12
07P04,Jahrgangsstufe 04,Regelklasse,3,86,50,36,1,1,0,31,18,13
07P04,Jahrgangsstufe 05,Regelklasse,2,51,26,25,0,0,0,10,3,7
07P04,Jahrgangsstufe 06,Regelklasse,2,51,19,32,1,0,1,18,6,12
07P04,Schulanfangsphase,Jahrgangsbezogene Lerngruppe,5,134,71,63,1,1,0,47,22,25
07P05,Jahrgangsstufe 03,Jahrgangsübergreifende Lerngruppe,1,27,13,14,0,0,0,0,0,0
07P05,Jahrgangsstufe 06,Jahrgangsübergreifende Lerngruppe,1,28,16,12,0,0,0,0,0,0
07P06,Jahrgangsstufe 03,Regelklasse,1,9,5,4,0,0,0,0,0,0
07P06,Jahrgangsstufe 04,Regelklasse,1,12,7,5,0,0,0,0,0,0
07P06,Jahrgangsstufe 05,Regelklasse,1,12,9,3,1,1,0,1,1,0
07P06,Jahrgangsstufe 06,Regelklasse,1,13,8,5,0,0,0,0,0,0
07P06,Jahrgangsstufe 07,Regelklasse,1,13,9,4,2,2,0,2,2,0
07P06,Jahrgangsstufe 08,Regelklasse,2,23,15,8,0,0,0,1,1,0
07P06,Jahrgangsstufe 09,Regelklasse,1,13,9,4,1,0,1,1,0,1
07P06,Jahrgangsstufe 10,Regelklasse,1,14,7,7,0,0,0,0,0,0
07P06,Schulanfangsphase,Jahrgangsbezogene Lerngruppe,3,30,15,15,0,0,0,3,1,2
07P11,Jahrgangsstufe 07,Regelklasse,1,8,7,1,0,0,0,1,1,0
07P11,Jahrgangsstufe 08,Regelklasse,1,7,4,3,1,1,0,3,2,1
07P11,Jahrgangsstufe 09,Regelklasse,1,6,4,2,1,0,1,1,0,1
07P13,Jahrgangsstufe 06,Jahrgangsübergreifende Lerngruppe,1,20,12,8,17,10,7,16,9,7
07P13,Jahrgangsstufe 07,Regelklasse,1,7,5,2,4,2,2,4,2,2
07P13,Jahrgangsstufe 08,Regelklasse,1,4,2,2,2,2,0,2,2,0
07S01,Jahrgangsstufe 04,Regelklasse,1,9,9,0,2,2,0,4,4,0
07S01,Jahrgangsstufe 05,Regelklasse,1,12,8,4,5,5,0,6,5,1
07S01,Jahrgangsstufe 06,Regelklasse,1,9,6,3,3,2,1,6,4,2
07S01,Jahrgangsstufe 07,Regelklasse,1,8,3,5,0,0,0,5,2,3
07S01,Jahrgangsstufe 08,Regelklasse,4,38,25,13,8,6,2,20,12,8
07S01,Jahrgangsstufe 09,Regelklasse,2,25,14,11,7,4,3,12,6,6
07S01,Jahrgangsstufe 10,Produktives Lernen,1,9,8,1,3,3,0,5,5,0
07S01,Jahrgangsstufe 10,Regelklasse,2,25,12,13,4,2,2,11,6,5
07S03,Eingangsstufe,Regelklasse,4,20,16,4,3,3,0,12,11,1
07S03,Mittelstufe,Regelklasse,7,40,28,12,12,7,5,22,14,8
07S03,Unterstufe,Regelklasse,4,22,14,8,2,1,1,12,6,6
07S04,Abschlussstufe,Regelklasse,7,54,29,25,19,12,7,32,20,12
07S04,Oberstufe,Regelklasse,5,37,21,16,9,4,5,23,14,9
07Y01,1. Kurshalbjahr,Regelklasse (Kurshalbjahre),0,73,29,44,25,11,14,44,17,27
07Y01,3. Kurshalbjahr,Regelklasse (Kurshalbjahre),0,100,50,50,31,13,18,65,29,36
07Y01,Jahrgangsstufe 07,Regelklasse,4,120,58,62,9,4,5,68,33,35
07Y01,Jahrgangsstufe 08,Regelklasse,6,155,82,73,47,21,26,93,49,44
07Y01,Jahrgangsstufe 09,Regelklasse,4,94,50,44,24,14,10,68,38,30
07Y01,Jahrgangsstufe 10,Regelklasse,3,60,31,29,23,12,11,49,27,22
07Y02,1. Kurshalbjahr,Regelklasse (Kurshalbjahre),0,111,36,75,23,8,15,51,16,35
07Y02,3. Kurshalbjahr,Regelklasse (Kurshalbjahre),0,83,36,47,16,4,12,36,14,22
07Y02,Jahrgangsstufe 05,Regelklasse,1,30,16,14,0,0,0,5,2,3
07Y02,Jahrgangsstufe 06,Regelklasse,1,29,13,16,3,2,1,6,2,4
07Y02,Jahrgangsstufe 07,Regelklasse,4,122,66,56,24,15,9,62,39,23
07Y02,Jahrgangsstufe 08,Regelklasse,4,111,54,57,26,10,16,58,22,36
07Y02,Jahrgangsstufe 09,Regelklasse,4,114,53,61,25,13,12,58,29,29
07Y02,Jahrgangsstufe 10,Regelklasse,5,121,57,64,27,11,16,55,25,30
07Y03,1. Kurshalbjahr,Regelklasse (Kurshalbjahre),0,100,31,69,7,2,5,15,4,11
07Y03,3. Kurshalbjahr,Regelklasse (Kurshalbjahre),0,79,33,46,3,2,1,5,2,3
07Y03,Jahrgangsstufe 07,Regelklasse,3,96,39,57,3,0,3,17,5,12
07Y03,Jahrgangsstufe 08,Regelklasse,4,128,52,76,9,2,7,19,6,13
07Y03,Jahrgangsstufe 09,Regelklasse,3,99,41,58,5,1,4,8,2,6
07Y03,Jahrgangsstufe 10,Regelklasse,3,95,37,58,5,2,3,8,3,5
07Y04,1. Kurshalbjahr,Regelklasse (Kurshalbjahre),0,118,61,57,13,7,6,17,7,10
07Y04,3. Kurshalbjahr,Regelklasse (Kurshalbjahre),0,107,55,52,9,4,5,11,4,7
07Y04,Jahrgangsstufe 07,Regelklasse,4,128,53,75,4,4,0,0,0,0
07Y04,Jahrgangsstufe 08,Regelklasse,4,127,49,78,6,3,3,6,2,4
07Y04,Jahrgangsstufe 09,Regelklasse,3,98,44,54,6,2,4,5,2,3
07Y04,Jahrgangsstufe 10,Regelklasse,3,90,47,43,4,3,1,2,2,0
07Y05,1. Kurshalbjahr,Regelklasse (Kurshalbjahre),0,105,44,61,9,3,6,24,9,15
07Y05,3. Kurshalbjahr,Regelklasse (Kurshalbjahre),0,72,31,41,7,5,2,18,10,8
07Y05,Jahrgangsstufe 07,Regelklasse,4,126,56,70,11,8,3,54,30,24
07Y05,Jahrgangsstufe 08,Regelklasse,5,154,64,90,22,6,16,43,16,27
07Y05,Jahrgangsstufe 09,Regelklasse,4,113,53,60,15,7,8,39,14,25
07Y05,Jahrgangsstufe 10,Regelklasse,4,111,36,75,9,1,8,35,11,24
07Y06,1. Kurshalbjahr,Regelklasse (Kurshalbjahre),0,108,49,59,16,9,7,28,11,17
07Y06,3. Kurshalbjahr,Regelklasse (Kurshalbjahre),0,97,39,58,7,2,5,18,5,13
07Y06,Jahrgangsstufe 07,Regelklasse,3,81,36,45,11,6,5,47,20,27
07Y06,Jahrgangsstufe 08,Regelklasse,5,146,74,72,24,12,12,55,23,32
07Y06,Jahrgangsstufe 09,Regelklasse,4,115,66,49,21,12,9,37,21,16
07Y06,Jahrgangsstufe 10,Regelklasse,4,97,47,50,16,6,10,39,19,20
07Y07,1. Kurshalbjahr,Regelklasse (Kurshalbjahre),0,113,57,56,12,9,3,37,19,18
07Y07,3. Kurshalbjahr,Regelklasse (Kurshalbjahre),0,99,58,41,9,4,5,35,18,17
07Y07,Jahrgangsstufe 05,Altsprachlicher Bildungsgang,1,32,16,16,1,0,1,10,4,6
07Y07,Jahrgangsstufe 06,Altsprachlicher Bildungsgang,1,26,15,11,1,1,0,11,6,5
07Y07,Jahrgangsstufe 07,Altsprachlicher Bildungsgang,1,31,14,17,3,0,3,13,4,9
07Y07,Jahrgangsstufe 07,Regelklasse,3,84,43,41,6,2,4,39,16,23
07Y07,Jahrgangsstufe 08,Altsprachlicher Bildungsgang,1,33,21,12,1,1,0,5,4,1
07Y07,Jahrgangsstufe 08,Regelklasse,3,92,44,48,11,5,6,46,20,26
07Y07,Jahrgangsstufe 09,Altsprachlicher Bildungsgang,1,28,14,14,2,2,0,4,4,0
07Y07,Jahrgangsstufe 09,Regelklasse,3,92,47,45,18,11,7,41,18,23
07Y07,Jahrgangsstufe 10,Altsprachlicher Bildungsgang,1,27,13,14,1,1,0,6,4,2
07Y07,Jahrgangsstufe 10,Regelklasse,3,92,42,50,6,3,3,40,19,21
07Y08,1. Kurshalbjahr,Regelklasse (Kurshalbjahre),0,163,77,86,2,1,1,1,1,0
07Y08,3. Kurshalbjahr,Regelklasse (Kurshalbjahre),0,116,67,49,3,2,1,0,0,0
07Y08,Jahrgangsstufe 07,Regelklasse,4,128,58,70,0,0,0,2,0,2
07Y08,Jahrgangsstufe 08,Regelklasse,5,158,83,75,1,1,0,4,4,0
07Y08,Jahrgangsstufe 09,Regelklasse,4,126,60,66,2,2,0,6,4,2
07Y08,Jahrgangsstufe 10,Regelklasse,4,114,62,52,1,1,0,6,4,2
07Y09,1. Kurshalbjahr,Regelklasse (Kurshalbjahre),0,77,37,40,8,2,6,16,7,9
07Y09,3. Kurshalbjahr,Regelklasse (Kurshalbjahre),0,80,35,45,4,2,2,6,3,3
07Y09,Jahrgangsstufe 07,Regelklasse,3,81,38,43,1,1,0,18,9,9
07Y09,Jahrgangsstufe 08,Regelklasse,3,88,37,51,5,2,3,3,1,2
07Y09,Jahrgangsstufe 09,Regelklasse,4,111,46,65,1,0,1,5,2,3
07Y09,Jahrgangsstufe 10,Regelklasse,4,121,60,61,6,3,3,15,8,7
08G01,Jahrgangsstufe 03,Regelklasse,3,52,29,23,15,12,3,46,28,18
08G01,Jahrgangsstufe 04,Regelklasse,2,39,19,20,17,8,9,37,17,20
08G01,Jahrgangsstufe 05,Lerngruppen für Neuzugänge ohne Deutschkenntnisse,1,12,7,5,12,7,5,12,7,5
08G01,Jahrgangsstufe 05,Regelklasse,2,38,19,19,11,5,6,35,18,17
08G01,Jahrgangsstufe 06,Lerngruppen für Neuzugänge ohne Deutschkenntnisse,2,23,11,12,23,11,12,23,11,12
08G01,Jahrgangsstufe 06,Regelklasse,4,77,37,40,34,15,19,76,36,40
08G01,Schulanfangsphase,Jahrgangsbezogene Lerngruppe,6,134,68,66,51,32,19,126,65,61
08G01,Schulanfangsphase,Lerngruppen für Neuzugänge ohne Deutschkenntnisse,1,5,5,0,5,5,0,5,5,0
08G02,Jahrgangsstufe 03,Jahrgangsübergreifende Lerngruppe,5,116,58,58,34,17,17,98,48,50
08G02,Jahrgangsstufe 04,Regelklasse,2,37,19,18,16,8,8,34,17,17
08G02,Jahrgangsstufe 05,Regelklasse,1,26,13,13,8,3,5,24,11,13
08G02,Jahrgangsstufe 06,Regelklasse,2,28,10,18,14,7,7,28,10,18
08G03,Jahrgangsstufe 03,Jahrgangsübergreifende Lerngruppe,10,214,118,96,64,39,25,194,108,86
08G03,Jahrgangsstufe 04,Regelklasse,3,55,29,26,18,5,13,43,22,21
08G03,Jahrgangsstufe 05,Regelklasse,3,48,22,26,30,14,16,39,17,22
08G03,Jahrgangsstufe 06,Regelklasse,3,55,28,27,17,9,8,51,27,24
08G03,Schulanfangsphase,Jahrgangsübergreifende Lerngruppe,1,15,7,8,14,6,8,14,6,8
08G05,Jahrgangsstufe 03,Regelklasse,2,38,18,20,19,8,11,35,17,18
08G05,Jahrgangsstufe 04,Regelklasse,2,42,21,21,27,13,14,40,19,21
08G05,Jahrgangsstufe 05,Regelklasse,2,40,17,23,23,12,11,40,17,23
08G05,Jahrgangsstufe 06,Regelklasse,2,44,23,21,16,8,8,42,22,20
08G05,Schulanfangsphase,Jahrgangsbezogene Lerngruppe,5,103,53,50,41,22,19,100,51,49
08G06,Jahrgangsstufe 03,Jahrgangsübergreifende Lerngruppe,9,181,99,82,47,26,21,148,79,69
08G06,Jahrgangsstufe 04,Regelklasse,2,42,24,18,10,5,5,30,17,13
08G06,Jahrgangsstufe 05,Regelklasse,2,35,15,20,12,3,9,25,9,16
08G06,Jahrgangsstufe 06,Regelklasse,2,41,19,22,12,8,4,36,16,20
08G07,Jahrgangsstufe 03,Regelklasse,3,54,22,32,26,11,15,52,21,31
08G07,Jahrgangsstufe 04,Regelklasse,2,45,24,21,23,11,12,45,24,21
08G07,Jahrgangsstufe 05,Regelklasse,2,39,21,18,18,11,7,39,21,18
08G07,Jahrgangsstufe 06,Regelklasse,2,51,24,27,19,10,9,50,23,27
08G07,Schulanfangsphase,Jahrgangsbezogene Lerngruppe,6,127,70,57,78,44,34,116,64,52
08G08,Jahrgangsstufe 03,Jahrgangsübergreifende Lerngruppe,9,205,109,96,39,15,24,176,92,84
08G08,Jahrgangsstufe 05,Lerngruppen für Neuzugänge ohne Deutschkenntnisse,1,12,6,6,12,6,6,12,6,6
08G08,Jahrgangsstufe 06,Jahrgangsübergreifende Lerngruppe,9,189,99,90,44,27,17,167,83,84
08G08,Jahrgangsstufe 06,Lerngruppen für Neuzugänge ohne Deutschkenntnisse,1,12,6,6,12,6,6,12,6,6
08G09,Jahrgangsstufe 03,Klasse der Staatlichen Europaschule,1,26,10,16,6,4,2,18,7,11
08G09,Jahrgangsstufe 03,Regelklasse,3,79,33,46,11,4,7,73,33,40
08G09,Jahrgangsstufe 04,Klasse der Staatlichen Europaschule,1,24,12,12,8,3,5,10,5,5
08G09,Jahrgangsstufe 04,Regelklasse,4,82,33,49,18,7,11,75,28,47
08G09,Jahrgangsstufe 05,Klasse der Staatlichen Europaschule,1,19,11,8,3,1,2,8,4,4
08G09,Jahrgangsstufe 05,Regelklasse,3,66,36,30,17,9,8,55,30,25
08G09,Jahrgangsstufe 06,Klasse der Staatlichen Europaschule,1,18,8,10,10,4,6,3,1,2
08G09,Jahrgangsstufe 06,Regelklasse,3,62,36,26,8,4,4,47,29,18
08G09,Schulanfangsphase,Jahrgangsübergreifende Lerngruppe,7,168,78,90,25,12,13,154,73,81
08G09,Schulanfangsphase,Klasse der Staatlichen Europaschule,2,47,22,25,11,5,6,44,20,24
08G10,Jahrgangsstufe 03,Regelklasse,2,46,27,19,4,1,3,36,23,13
08G10,Jahrgangsstufe 04,Regelklasse,2,41,26,15,11,7,4,25,16,9
08G10,Jahrgangsstufe 05,Regelklasse,2,47,25,22,11,8,3,28,13,15
08G10,Jahrgangsstufe 06,Regelklasse,2,46,29,17,9,5,4,30,19,11
08G10,Schulanfangsphase,Jahrgangsbezogene Lerngruppe,4,77,38,39,17,10,7,40,23,17
08G11,Jahrgangsstufe 03,Jahrgangsübergreifende Lerngruppe,10,216,121,95,4,3,1,40,25,15
08G11,Jahrgangsstufe 04,Regelklasse,4,84,47,37,2,1,1,16,11,5
08G11,Jahrgangsstufe 05,Regelklasse,3,75,36,39,1,0,1,17,6,11
08G11,Jahrgangsstufe 06,Regelklasse,4,86,44,42,2,2,0,17,12,5
08G12,Jahrgangsstufe 03,Jahrgangsübergreifende Lerngruppe,6,150,75,75,20,12,8,93,50,43
08G12,Jahrgangsstufe 06,Jahrgangsübergreifende Lerngruppe,6,146,63,83,33,15,18,83,36,47
08G13,Jahrgangsstufe 03,Regelklasse,3,69,32,37,6,0,6,36,17,19
08G13,Jahrgangsstufe 04,Regelklasse,3,73,33,40,6,4,2,32,15,17
08G13,Jahrgangsstufe 04,Sonderpädagogische Kleinklasse,1,7,7,0,1,1,0,6,6,0
08G13,Jahrgangsstufe 05,Regelklasse,3,69,39,30,9,4,5,33,17,16
08G13,Jahrgangsstufe 05,Sonderpädagogische Kleinklasse,1,6,6,0,0,0,0,6,6,0
08G13,Jahrgangsstufe 06,Regelklasse,3,72,41,31,7,2,5,32,14,18
08G13,Jahrgangsstufe 06,Sonderpädagogische Kleinklasse,1,5,5,0,1,1,0,5,5,0
08G13,Schulanfangsphase,Jahrgangsbezogene Lerngruppe,6,127,57,70,9,3,6,64,27,37
08G14,Jahrgangsstufe 03,Regelklasse,3,65,26,39,29,13,16,58,24,34
08G14,Jahrgangsstufe 04,Regelklasse,3,60,31,29,21,10,11,56,28,28
08G14,Jahrgangsstufe 05,Regelklasse,2,45,17,28,20,9,11,40,16,24
08G14,Jahrgangsstufe 06,Regelklasse,2,39,21,18,16,8,8,33,17,16
08G14,Schulanfangsphase,Jahrgangsbezogene Lerngruppe,6,139,73,66,41,22,19,120,62,58
08G15,Jahrgangsstufe 03,Regelklasse,4,91,45,46,29,10,19,87,42,45
08G15,Jahrgangsstufe 04,Regelklasse,4,87,55,32,18,12,6,84,53,31
08G15,Jahrgangsstufe 05,Regelklasse,3,71,32,39,15,6,9,65,28,37
08G15,Jahrgangsstufe 06,Regelklasse,3,60,29,31,20,9,11,59,29,30
08G15,Schulanfangsphase,Jahrgangsbezogene Lerngruppe,8,184,92,92,56,29,27,172,89,83
08G15,Schulanfangsphase,Jahrgangsübergreifende Lerngruppe,1,21,12,9,5,2,3,21,12,9
08G16,Jahrgangsstufe 03,Regelklasse,2,36,15,21,2,0,2,23,11,12
08G16,Jahrgangsstufe 04,Regelklasse,2,32,22,10,3,1,2,20,14,6
08G16,Jahrgangsstufe 05,Regelklasse,2,40,18,22,3,2,1,27,14,13
08G16,Jahrgangsstufe 06,Regelklasse,2,40,25,15,0,0,0,22,11,11
08G16,Schulanfangsphase,Jahrgangsbezogene Lerngruppe,4,93,49,44,3,1,2,73,36,37
08G17,Jahrgangsstufe 03,Regelklasse,3,53,29,24,35,19,16,51,27,24
08G17,Jahrgangsstufe 04,Regelklasse,3,52,25,27,42,19,23,51,24,27
08G17,Jahrgangsstufe 05,Regelklasse,3,66,33,33,51,25,26,63,31,32
08G17,Jahrgangsstufe 06,Regelklasse,3,68,39,29,37,19,18,61,35,26
08G17,Schulanfangsphase,Jahrgangsübergreifende Lerngruppe,8,187,92,95,90,45,45,169,83,86
08G18,Jahrgangsstufe 03,Regelklasse,2,47,21,26,41,18,23,41,18,23
08G18,Jahrgangsstufe 04,Regelklasse,2,48,23,25,39,19,20,24,12,12
08G18,Jahrgangsstufe 05,Regelklasse,2,46,21,25,41,20,21,41,20,21
08G18,Jahrgangsstufe 06,Regelklasse,2,48,22,26,44,22,22,44,22,22
08G18,Schulanfangsphase,Jahrgangsbezogene Lerngruppe,7,154,78,76,129,66,63,134,68,66
08G19,Jahrgangsstufe 03,Klasse der Staatlichen Europaschule,1,28,16,12,9,5,4,20,12,8
08G19,Jahrgangsstufe 03,Regelklasse,1,19,10,9,0,0,0,13,8,5
08G19,Jahrgangsstufe 04,Jahrgangsübergreifende Lerngruppe,1,18,10,8,6,4,2,15,10,5
08G19,Jahrgangsstufe 04,Klasse der Staatlichen Europaschule,1,29,11,18,15,6,9,24,10,14
08G19,Jahrgangsstufe 04,Regelklasse,1,20,10,10,1,1,0,13,9,4
08G19,Jahrgangsstufe 05,Klasse der Staatlichen Europaschule,1,18,8,10,10,3,7,13,5,8
08G19,Jahrgangsstufe 05,Regelklasse,1,24,16,8,4,2,2,4,2,2
08G19,Jahrgangsstufe 06,Klasse der Staatlichen Europaschule,1,22,10,12,10,4,6,16,7,9
08G19,Jahrgangsstufe 06,Regelklasse,1,23,5,18,3,1,2,12,4,8
08G19,Schulanfangsphase,Jahrgangsübergreifende Lerngruppe,4,80,41,39,32,15,17,60,29,31
08G19,Schulanfangsphase,Klasse der Staatlichen Europaschule,2,53,31,22,30,18,12,33,21,12
08G20,Jahrgangsstufe 03,Regelklasse,2,38,21,17,11,4,7,37,20,17
08G20,Jahrgangsstufe 04,Regelklasse,3,58,27,31,8,2,6,48,22,26
08G20,Jahrgangsstufe 05,Regelklasse,2,43,32,11,12,8,4,40,29,11
08G20,Jahrgangsstufe 06,Regelklasse,2,41,22,19,5,4,1,36,19,17
08G20,Schulanfangsphase,Jahrgangsbezogene Lerngruppe,6,120,62,58,45,26,19,105,53,52
08G21,Jahrgangsstufe 03,Regelklasse,2,46,28,18,16,9,7,42,25,17
08G21,Jahrgangsstufe 04,Regelklasse,2,40,21,19,15,6,9,39,21,18
08G21,Jahrgangsstufe 05,Regelklasse,2,43,22,21,15,11,4,39,19,20
08G21,Jahrgangsstufe 06,Regelklasse,2,45,22,23,17,8,9,42,20,22
08G21,Schulanfangsphase,Jahrgangsübergreifende Lerngruppe,5,111,54,57,42,20,22,106,52,54
08G22,Jahrgangsstufe 03,Regelklasse,2,50,24,26,4,2,2,27,13,14
08G22,Jahrgangsstufe 04,Regelklasse,3,56,26,30,6,3,3,24,14,10
08G22,Jahrgangsstufe 05,Regelklasse,2,45,19,26,11,4,7,34,15,19
08G22,Jahrgangsstufe 06,Regelklasse,2,47,19,28,7,3,4,28,13,15
08G22,Schulanfangsphase,Jahrgangsübergreifende Lerngruppe,5,121,57,64,14,6,8,83,42,41
08G23,Jahrgangsstufe 03,Regelklasse,2,50,26,24,3,2,1,40,21,19
08G23,Jahrgangsstufe 04,Regelklasse,2,50,22,28,12,7,5,42,19,23
08G23,Jahrgangsstufe 05,Regelklasse,3,62,28,34,6,2,4,55,25,30
08G23,Jahrgangsstufe 06,Regelklasse,2,37,20,17,8,3,5,30,17,13
08G23,Schulanfangsphase,Jahrgangsbezogene Lerngruppe,1,24,11,13,6,2,4,6,2,4
08G23,Schulanfangsphase,Jahrgangsübergreifende Lerngruppe,5,118,47,71,17,5,12,78,27,51
08G24,Jahrgangsstufe 03,Regelklasse,2,50,27,23,5,2,3,37,20,17
08G24,Jahrgangsstufe 04,Lerngruppen für Neuzugänge ohne Deutschkenntnisse,1,9,4,5,9,4,5,9,4,5
08G24,Jahrgangsstufe 04,Regelklasse,2,42,19,23,8,3,5,36,15,21
08G24,Jahrgangsstufe 05,Regelklasse,2,42,17,25,2,2,0,35,15,20
08G24,Jahrgangsstufe 06,Lerngruppen für Neuzugänge ohne Deutschkenntnisse,1,12,6,6,12,6,6,12,6,6
08G24,Jahrgangsstufe 06,Regelklasse,2,34,20,14,4,1,3,27,16,11
08G24,Schulanfangsphase,Jahrgangsübergreifende Lerngruppe,4,85,47,38,10,5,5,68,38,30
08G25,Jahrgangsstufe 03,Regelklasse,3,72,34,38,1,0,1,16,9,7
08G25,Jahrgangsstufe 04,Regelklasse,2,50,21,29,2,0,2,6,1,5
08G25,Jahrgangsstufe 05,Regelklasse,2,53,32,21,1,0,1,9,5,4
08G25,Jahrgangsstufe 06,Regelklasse,2,50,19,31,0,0,0,11,4,7
08G25,Schulanfangsphase,Jahrgangsübergreifende Lerngruppe,6,138,60,78,3,0,3,18,6,12
08G26,Jahrgangsstufe 03,Jahrgangsübergreifende Lerngruppe,6,126,56,70,16,7,9,72,34,38
08G26,Jahrgangsstufe 04,Regelklasse,2,47,22,25,7,2,5,21,8,13
08G26,Jahrgangsstufe 05,Regelklasse,2,44,19,25,1,0,1,24,10,14
08G26,Jahrgangsstufe 06,Regelklasse,2,49,23,26,12,2,10,27,11,16
08G27,Jahrgangsstufe 03,Regelklasse,3,67,45,22,3,3,0,30,20,10
08G27,Jahrgangsstufe 04,Regelklasse,3,81,45,36,3,0,3,19,10,9
08G27,Jahrgangsstufe 05,Regelklasse,3,68,35,33,4,2,2,26,13,13
08G27,Jahrgangsstufe 06,Regelklasse,3,60,30,30,2,2,0,20,11,9
08G27,Schulanfangsphase,Jahrgangsübergreifende Lerngruppe,6,144,77,67,8,3,5,54,28,26
08G28,Jahrgangsstufe 03,Regelklasse,3,65,28,37,2,0,2,11,4,7
08G28,Jahrgangsstufe 04,Regelklasse,3,60,33,27,2,0,2,8,2,6
08G28,Jahrgangsstufe 05,Regelklasse,2,51,32,19,0,0,0,14,7,7
08G28,Jahrgangsstufe 06,Regelklasse,3,74,38,36,4,2,2,16,7,9
08G28,Schulanfangsphase,Jahrgangsbezogene Lerngruppe,6,155,92,63,8,6,2,48,28,20
08G29,Jahrgangsstufe 03,Jahrgangsübergreifende Lerngruppe,9,193,103,90,18,8,10,58,32,26
08G29,Jahrgangsstufe 04,Regelklasse,3,66,31,35,5,5,0,14,9,5
08G29,Jahrgangsstufe 05,Regelklasse,2,48,19,29,1,1,0,13,6,7
08G29,Jahrgangsstufe 06,Regelklasse,3,64,34,30,2,0,2,16,7,9
08G30,Jahrgangsstufe 03,Regelklasse,5,122,64,58,3,2,1,31,19,12
08G30,Jahrgangsstufe 04,Regelklasse,5,129,67,62,4,2,2,39,19,20
08G30,Jahrgangsstufe 05,Regelklasse,4,96,41,55,4,3,1,33,19,14
08G30,Jahrgangsstufe 06,Regelklasse,4,115,53,62,3,1,2,29,9,20
08G30,Schulanfangsphase,Jahrgangsbezogene Lerngruppe,11,271,134,137,4,3,1,90,47,43
08G31,Jahrgangsstufe 03,Regelklasse,2,43,18,25,4,2,2,35,14,21
08G31,Jahrgangsstufe 04,Regelklasse,2,43,23,20,8,4,4,30,13,17
08G31,Jahrgangsstufe 05,Regelklasse,2,34,17,17,8,4,4,23,13,10
08G31,Jahrgangsstufe 06,Regelklasse,2,37,20,17,6,3,3,28,15,13
08G31,Schulanfangsphase,Jahrgangsbezogene Lerngruppe,4,73,38,35,14,9,5,59,30,29
08G32,Jahrgangsstufe 03,Regelklasse,2,42,22,20,4,1,3,26,12,14
08G32,Jahrgangsstufe 04,Regelklasse,2,40,13,27,3,2,1,23,8,15
08G32,Jahrgangsstufe 05,Regelklasse,3,58,24,34,2,1,1,34,15,19
08G32,Jahrgangsstufe 06,Regelklasse,2,33,18,15,2,1,1,13,5,8
08G32,Schulanfangsphase,Jahrgangsbezogene Lerngruppe,5,98,52,46,5,2,3,56,33,23
08G33,Jahrgangsstufe 03,Regelklasse,3,58,25,33,9,4,5,40,19,21
08G33,Jahrgangsstufe 04,Regelklasse,3,58,29,29,2,2,0,39,21,18
08G33,Jahrgangsstufe 05,Regelklasse,2,44,22,22,2,2,0,35,16,19
08G33,Jahrgangsstufe 06,Regelklasse,2,44,27,17,5,3,2,34,22,12
08G33,Schulanfangsphase,Jahrgangsbezogene Lerngruppe,5,101,55,46,15,9,6,72,37,35
08G34,Jahrgangsstufe 03,Regelklasse,2,51,26,25,6,5,1,29,13,16
08G34,Jahrgangsstufe 04,Regelklasse,3,61,28,33,9,3,6,32,10,22
08G34,Jahrgangsstufe 05,Regelklasse,3,69,36,33,7,3,4,29,14,15
08G34,Jahrgangsstufe 06,Regelklasse,3,66,39,27,4,3,1,27,17,10
08G34,Schulanfangsphase,Jahrgangsbezogene Lerngruppe,4,91,47,44,9,4,5,44,24,20
08G35,Jahrgangsstufe 03,Regelklasse,5,114,52,62,27,11,16,94,44,50
08G35,Jahrgangsstufe 04,Regelklasse,5,104,50,54,32,17,15,95,45,50
08G35,Jahrgangsstufe 05,Regelklasse,4,95,45,50,17,11,6,83,41,42
08G35,Jahrgangsstufe 06,Regelklasse,4,97,48,49,17,7,10,77,35,42
08G35,Schulanfangsphase,Jahrgangsbezogene Lerngruppe,10,219,96,123,53,31,22,193,86,107
08G36,Jahrgangsstufe 03,Regelklasse,3,62,38,24,24,16,8,54,33,21
08G36,Jahrgangsstufe 04,Regelklasse,2,43,22,21,17,9,8,40,21,19
08G36,Jahrgangsstufe 05,Regelklasse,2,38,22,16,16,7,9,34,18,16
08G36,Jahrgangsstufe 06,Lerngruppen für Neuzugänge ohne Deutschkenntnisse,1,13,9,4,13,9,4,13,9,4
08G36,Jahrgangsstufe 06,Regelklasse,3,61,29,32,12,8,4,48,21,27
08G36,Schulanfangsphase,Jahrgangsbezogene Lerngruppe,6,126,67,59,32,18,14,98,50,48
08G37,Jahrgangsstufe 03,Regelklasse,2,53,29,24,9,5,4,27,13,14
08G37,Jahrgangsstufe 04,Regelklasse,2,49,25,24,6,3,3,19,11,8
08G37,Jahrgangsstufe 05,Regelklasse,2,46,22,24,6,1,5,23,8,15
08G37,Jahrgangsstufe 06,Regelklasse,3,60,36,24,5,1,4,24,14,10
08G37,Schulanfangsphase,Jahrgangsbezogene Lerngruppe,4,89,43,46,8,6,2,46,20,26
08K01,1. Kurshalbjahr,Regelklasse (Kurshalbjahre),0,81,43,38,22,10,12,58,34,24
08K01,3. Kurshalbjahr,Regelklasse (Kurshalbjahre),0,64,32,32,15,7,8,44,23,21
08K01,E-Phase,Gymnasiale Oberstufe gem. § 5 VO-GO,3,78,34,44,20,8,12,53,20,33
08K01,Jahrgangsstufe 03,Regelklasse,3,56,29,27,7,1,6,45,24,21
08K01,Jahrgangsstufe 04,Regelklasse,2,42,16,26,11,4,7,30,9,21
08K01,Jahrgangsstufe 05,Regelklasse,2,48,28,20,8,8,0,38,23,15
08K01,Jahrgangsstufe 06,Regelklasse,3,65,34,31,14,5,9,51,25,26
08K01,Jahrgangsstufe 07,Regelklasse,4,104,59,45,22,14,8,74,41,33
08K01,Jahrgangsstufe 08,Regelklasse,4,103,52,51,28,17,11,69,37,32
08K01,Jahrgangsstufe 09,Regelklasse,4,98,57,41,32,15,17,64,35,29
08K01,Jahrgangsstufe 10,Regelklasse,4,104,56,48,32,20,12,62,34,28
08K01,Schulanfangsphase,Jahrgangsübergreifende Lerngruppe,6,109,60,49,8,2,6,85,41,44
08K02,Jahrgangsstufe 07,Regelklasse,4,104,64,40,17,11,6,64,40,24
08K02,Jahrgangsstufe 08,Regelklasse,4,104,65,39,20,11,9,69,43,26
08K02,Jahrgangsstufe 09,Lerngruppen für Neuzugänge ohne Deutschkenntnisse,1,14,8,6,14,8,6,14,8,6
08K02,Jahrgangsstufe 09,Regelklasse,4,103,58,45,25,13,12,57,32,25
08K02,Jahrgangsstufe 10,Regelklasse,4,119,66,53,32,17,15,74,42,32
08K03,1. Kurshalbjahr,Regelklasse (Kurshalbjahre),0,57,37,20,22,17,5,53,33,20
08K03,3. Kurshalbjahr,Regelklasse (Kurshalbjahre),0,57,30,27,26,17,9,53,29,24
08K03,E-Phase,Gymnasiale Oberstufe gem. § 5 VO-GO,1,18,9,9,8,4,4,17,9,8
08K03,E-Phase,Regelklasse,1,22,9,13,9,3,6,19,7,12
08K03,Jahrgangsstufe 07,Regelklasse,6,138,82,56,46,28,18,122,72,50
08K03,Jahrgangsstufe 08,Regelklasse,6,145,87,58,71,47,24,123,79,44
08K03,Jahrgangsstufe 09,Regelklasse,8,185,125,60,86,54,32,155,106,49
08K03,Jahrgangsstufe 10,Regelklasse,5,121,68,53,48,28,20,92,51,41
08K04,Jahrgangsstufe 07,Regelklasse,4,85,56,29,28,19,9,53,38,15
08K04,Jahrgangsstufe 08,Regelklasse,8,174,103,71,48,26,22,88,51,37
08K04,Jahrgangsstufe 09,Regelklasse,5,117,63,54,13,7,6,72,35,37
08K04,Jahrgangsstufe 10,Regelklasse,3,77,43,34,26,16,10,45,26,19
08K05,1. Kurshalbjahr,Regelklasse (Kurshalbjahre),0,94,35,59,8,2,6,33,9,24
08K05,3. Kurshalbjahr,Regelklasse (Kurshalbjahre),0,93,40,53,2,2,0,21,10,11
08K05,E-Phase,Regelklasse,3,84,37,47,4,3,1,28,13,15
08K05,Jahrgangsstufe 07,Regelklasse,8,205,99,106,14,6,8,85,41,44
08K05,Jahrgangsstufe 08,Regelklasse,8,202,105,97,28,14,14,78,38,40
08K05,Jahrgangsstufe 09,Regelklasse,8,205,99,106,24,9,15,97,49,48
08K05,Jahrgangsstufe 10,Regelklasse,8,240,132,108,64,37,27,82,45,37
08K06,1. Kurshalbjahr,Regelklasse (Kurshalbjahre),0,80,44,36,1,1,0,16,9,7
08K06,3. Kurshalbjahr,Regelklasse (Kurshalbjahre),0,67,29,38,3,2,1,14,6,8
08K06,E-Phase,Gymnasiale Oberstufe gem. § 5 VO-GO,1,24,10,14,1,0,1,10,4,6
08K06,E-Phase,Regelklasse,2,52,23,29,7,2,5,17,6,11
08K06,Jahrgangsstufe 03,Jahrgangsübergreifende Lerngruppe,9,227,123,104,13,6,7,68,34,34
08K06,Jahrgangsstufe 06,Jahrgangsübergreifende Lerngruppe,9,198,91,107,12,8,4,75,35,40
08K06,Jahrgangsstufe 07,Regelklasse,6,143,72,71,11,7,4,54,29,25
08K06,Jahrgangsstufe 08,Regelklasse,7,165,87,78,10,5,5,42,27,15
08K06,Jahrgangsstufe 09,Regelklasse,6,146,67,79,6,2,4,45,14,31
08K06,Jahrgangsstufe 10,Regelklasse,6,139,76,63,6,5,1,31,18,13
08K07,Jahrgangsstufe 07,Regelklasse,4,94,63,31,12,9,3,53,39,14
08K07,Jahrgangsstufe 08,Regelklasse,7,170,89,81,36,20,16,104,54,50
08K07,Jahrgangsstufe 09,Produktives Lernen,2,51,39,12,6,4,2,34,27,7
08K07,Jahrgangsstufe 09,Regelklasse,6,152,81,71,34,20,14,85,45,40
08K07,Jahrgangsstufe 10,Produktives Lernen,1,15,8,7,3,3,0,7,4,3
08K07,Jahrgangsstufe 10,Regelklasse,3,84,40,44,25,8,17,63,29,34
08K07,Jahrgangsstufe 10,Regelklasse,1,21,12,9,9,6,3,16,11,5
08K08,1. Kurshalbjahr,Regelklasse (Kurshalbjahre),0,40,14,26,21,8,13,37,12,25
08K08,E-Phase,Regelklasse,2,49,25,24,25,13,12,44,20,24
08K08,Jahrgangsstufe 03,Jahrgangsübergreifende Lerngruppe,8,168,84,84,31,20,11,131,67,64
08K08,Jahrgangsstufe 04,Regelklasse,1,21,11,10,7,4,3,18,9,9
08K08,Jahrgangsstufe 05,Regelklasse,1,17,8,9,5,2,3,14,7,7
08K08,Jahrgangsstufe 06,Jahrgangsübergreifende Lerngruppe,3,62,36,26,25,17,8,55,32,23
08K08,Jahrgangsstufe 06,Regelklasse,1,17,9,8,4,3,1,15,9,6
08K08,Jahrgangsstufe 07,Regelklasse,4,96,49,47,42,19,23,91,48,43
08K08,Jahrgangsstufe 08,Regelklasse,4,99,50,49,53,26,27,93,46,47
08K08,Jahrgangsstufe 09,Regelklasse,4,99,42,57,42,18,24,92,40,52
08K08,Jahrgangsstufe 10,Regelklasse,3,79,34,45,48,24,24,74,34,40
08K08,Schulanfangsphase,Jahrgangsübergreifende Lerngruppe,1,16,9,7,4,2,2,14,8,6
08K09,Jahrgangsstufe 07,Regelklasse,4,101,51,50,31,19,12,95,49,46
08K09,Jahrgangsstufe 08,Regelklasse,4,102,49,53,34,15,19,96,45,51
08K09,Jahrgangsstufe 09,Praxislerngruppe,1,19,9,10,14,5,9,16,6,10
08K09,Jahrgangsstufe 09,Regelklasse,4,97,52,45,39,21,18,87,49,38
08K09,Jahrgangsstufe 10,Praxisklasse,1,17,11,6,9,7,2,12,9,3
08K09,Jahrgangsstufe 10,Regelklasse,3,84,41,43,28,10,18,76,38,38
08K09,Jahrgangsstufe 10,Regelklasse,1,21,9,12,8,5,3,15,9,6
08K10,Jahrgangsstufe 07,Regelklasse,4,96,40,56,56,23,33,89,40,49
08K10,Jahrgangsstufe 08,Regelklasse,8,183,93,90,104,50,54,169,86,83
08K10,Jahrgangsstufe 09,Praxislerngruppe,2,40,20,20,29,16,13,38,20,18
08K10,Jahrgangsstufe 09,Regelklasse,3,75,34,41,42,19,23,71,32,39
08K10,Jahrgangsstufe 10,Regelklasse,2,56,31,25,18,11,7,48,28,20
08K10,Jahrgangsstufe 10,Regelklasse,2,44,22,22,31,15,16,42,21,21
08K11,Jahrgangsstufe 07,Klasse der Staatlichen Europaschule,1,9,7,2,7,6,1,9,7,2
08K11,Jahrgangsstufe 07,Regelklasse,4,94,56,38,26,13,13,79,46,33
08K11,Jahrgangsstufe 08,Klasse der Staatlichen Europaschule,1,20,17,3,17,14,3,17,14,3
08K11,Jahrgangsstufe 08,Regelklasse,6,141,81,60,55,31,24,115,67,48
08K11,Jahrgangsstufe 09,Klasse der Staatlichen Europaschule,1,22,12,10,18,10,8,20,11,9
08K11,Jahrgangsstufe 09,Lerngruppen für Neuzugänge ohne Deutschkenntnisse,1,14,8,6,14,8,6,14,8,6
08K11,Jahrgangsstufe 09,Regelklasse,4,98,53,45,40,19,21,81,42,39
08K11,Jahrgangsstufe 10,Klasse der Staatlichen Europaschule,1,15,6,9,14,6,8,15,6,9
08K11,Jahrgangsstufe 10,Regelklasse,3,83,36,47,34,15,19,68,27,41
08K11,Jahrgangsstufe 10,Regelklasse,4,78,44,34,41,23,18,57,33,24
08K12,Jahrgangsstufe 07,Regelklasse,4,84,69,15,44,35,9,77,65,12
08K12,Jahrgangsstufe 08,Regelklasse,5,121,70,51,59,34,25,107,61,46
08K12,Jahrgangsstufe 09,Lerngruppen für Neuzugänge ohne Deutschkenntnisse,2,26,20,6,26,20,6,26,20,6
08K12,Jahrgangsstufe 09,Praxislerngruppe,1,25,14,11,15,9,6,25,14,11
08K12,Jahrgangsstufe 09,Regelklasse,3,71,34,37,30,13,17,60,30,30
08K12,Jahrgangsstufe 10,Regelklasse,2,43,26,17,18,11,7,32,20,12
08P01,Jahrgangsstufe 03,Regelklasse,1,24,11,13,0,0,0,18,7,11
08P01,Jahrgangsstufe 04,Regelklasse,1,14,7,7,0,0,0,14,7,7
08P01,Jahrgangsstufe 05,Regelklasse,1,14,4,10,0,0,0,12,4,8
08P01,Jahrgangsstufe 06,Regelklasse,1,13,5,8,0,0,0,10,4,6
08P01,Jahrgangsstufe 07,Regelklasse,1,15,8,7,0,0,0,15,8,7
08P01,Jahrgangsstufe 08,Regelklasse,1,14,6,8,0,0,0,12,5,7
08P01,Jahrgangsstufe 09,Regelklasse,1,7,6,1,0,0,0,4,3,1
08P01,Jahrgangsstufe 10,Regelklasse,1,2,1,1,0,0,0,2,1,1
08P01,Schulanfangsphase,Jahrgangsbezogene Lerngruppe,2,38,13,25,0,0,0,32,11,21
08P02,Jahrgangsstufe 03,Regelklasse,2,55,27,28,4,2,2,19,11,8
08P02,Jahrgangsstufe 04,Regelklasse,2,56,29,27,2,1,1,26,15,11
08P02,Jahrgangsstufe 05,Regelklasse,2,52,23,29,4,2,2,22,10,12
08P02,Jahrgangsstufe 06,Regelklasse,2,54,19,35,3,2,1,25,8,17
08P02,Schulanfangsphase,Jahrgangsbezogene Lerngruppe,4,109,50,59,7,3,4,48,22,26
08P03,1. Kurshalbjahr,Regelklasse (Kurshalbjahre),0,56,23,33,3,0,3,3,0,3
08P03,3. Kurshalbjahr,Regelklasse (Kurshalbjahre),0,44,17,27,1,1,0,0,0,0
08P03,E-Phase,Regelklasse,2,56,33,23,2,0,2,5,3,2
08P03,Jahrgangsstufe 03,Jahrgangsübergreifende Lerngruppe,6,155,67,88,2,0,2,15,5,10
08P03,Jahrgangsstufe 04,Regelklasse,2,42,22,20,2,1,1,4,4,0
08P03,Jahrgangsstufe 05,Regelklasse,2,52,23,29,0,0,0,0,0,0
08P03,Jahrgangsstufe 06,Regelklasse,2,51,26,25,2,0,2,6,3,3
08P03,Jahrgangsstufe 07,Regelklasse,4,90,41,49,0,0,0,17,9,8
08P03,Jahrgangsstufe 08,Regelklasse,4,92,37,55,0,0,0,3,3,0
08P03,Jahrgangsstufe 09,Regelklasse,4,94,51,43,6,3,3,5,3,2
08P03,Jahrgangsstufe 10,Regelklasse,4,91,51,40,1,1,0,3,2,1
08P04,1. Kurshalbjahr,Regelklasse (Kurshalbjahre),0,80,32,48,21,10,11,32,12,20
08P04,3. Kurshalbjahr,Regelklasse (Kurshalbjahre),0,90,46,44,14,6,8,39,21,18
08P04,Jahrgangsstufe 07,Regelklasse,3,76,32,44,12,5,7,33,13,20
08P04,Jahrgangsstufe 07,Regelklasse,3,84,27,57,10,4,6,31,10,21
08P04,Jahrgangsstufe 08,Regelklasse,3,91,34,57,9,4,5,34,10,24
08P04,Jahrgangsstufe 08,Regelklasse,3,76,43,33,12,8,4,33,16,17
08P04,Jahrgangsstufe 09,Regelklasse,2,60,24,36,21,8,13,22,9,13
08P04,Jahrgangsstufe 09,Regelklasse,4,115,56,59,18,10,8,45,23,22
08P04,Jahrgangsstufe 10,Regelklasse,2,62,22,40,14,4,10,40,15,25
08P04,Jahrgangsstufe 10,Regelklasse,3,70,33,37,15,6,9,33,14,19
08P09,Jahrgangsstufe 06,Jahrgangsübergreifende Lerngruppe,1,16,5,11,0,0,0,1,0,1
08S01,Jahrgangsstufe 04,Regelklasse,1,12,8,4,4,1,3,11,8,3
08S01,Jahrgangsstufe 05,Regelklasse,1,16,9,7,8,3,5,13,6,7
08S01,Jahrgangsstufe 06,Regelklasse,2,22,10,12,9,3,6,19,9,10
08S01,Jahrgangsstufe 07,Regelklasse,3,33,25,8,19,13,6,30,22,8
08S01,Jahrgangsstufe 08,Regelklasse,2,26,14,12,15,7,8,24,14,10
08S01,Jahrgangsstufe 09,Regelklasse,3,43,27,16,23,14,9,34,21,13
08S01,Jahrgangsstufe 10,Regelklasse,3,39,21,18,23,10,13,33,18,15
08S03,Jahrgangsstufe 06,Jahrgangsübergreifende Lerngruppe,1,14,7,7,4,3,1,9,5,4
08S03,Jahrgangsstufe 08,Regelklasse,1,11,7,4,5,2,3,8,4,4
08S03,Jahrgangsstufe 09,Regelklasse,1,12,8,4,6,4,2,6,4,2
08S03,Jahrgangsstufe 10,Regelklasse,1,13,7,6,5,3,2,6,3,3
08S04,Jahrgangsstufe 03,Regelklasse,2,18,11,7,3,3,0,14,10,4
08S04,Jahrgangsstufe 04,Regelklasse,1,11,7,4,3,2,1,5,3,2
08S04,Jahrgangsstufe 05,Regelklasse,1,12,6,6,1,0,1,8,4,4
08S04,Jahrgangsstufe 06,Regelklasse,2,19,13,6,1,1,0,13,10,3
08S04,Jahrgangsstufe 07,Regelklasse,2,25,14,11,3,3,0,7,5,2
08S04,Jahrgangsstufe 08,Regelklasse,2,30,22,8,4,3,1,12,9,3
08S04,Jahrgangsstufe 09,Regelklasse,2,30,16,14,3,2,1,12,5,7
08S04,Jahrgangsstufe 10,Regelklasse,2,32,20,12,4,3,1,13,8,5
08S05,Jahrgangsstufe 04,Regelklasse,2,14,12,2,3,2,1,7,6,1
08S05,Jahrgangsstufe 05,Regelklasse,1,11,8,3,2,2,0,6,3,3
08S05,Jahrgangsstufe 06,Regelklasse,1,13,6,7,1,0,1,1,0,1
08S05,Jahrgangsstufe 08,Regelklasse,2,29,15,14,7,6,1,12,9,3
08S05,Jahrgangsstufe 10,Regelklasse,2,24,18,6,6,4,2,9,6,3
08S06,Jahrgangsstufe 03,Regelklasse,1,7,3,4,2,1,1,4,2,2
08S06,Jahrgangsstufe 04,Regelklasse,1,11,7,4,4,2,2,9,6,3
08S06,Jahrgangsstufe 05,Regelklasse,1,11,5,6,7,4,3,7,4,3
08S06,Jahrgangsstufe 06,Regelklasse,1,13,8,5,11,7,4,11,7,4
08S06,Jahrgangsstufe 07,Regelklasse,2,19,12,7,11,6,5,16,10,6
08S06,Jahrgangsstufe 08,Regelklasse,1,16,12,4,4,2,2,11,8,3
08S06,Jahrgangsstufe 09,Regelklasse,2,23,12,11,9,5,4,18,9,9
08S06,Jahrgangsstufe 10,Regelklasse,2,25,15,10,5,3,2,16,9,7
08S07,Abschlussstufe,Regelklasse,7,38,19,19,13,6,7,23,12,11
08S07,Eingangsstufe,Regelklasse,5,28,15,13,3,0,3,21,11,10
08S07,Mittelstufe,Regelklasse,7,36,18,18,12,8,4,28,14,14
08S07,Oberstufe,Regelklasse,7,40,24,16,9,4,5,20,10,10
08S07,Unterstufe,Regelklasse,7,43,30,13,6,4,2,29,19,10
08S08,Eingangsstufe,Regelklasse,1,5,3,2,4,2,2,4,2,2
08S08,Jahrgangsstufe 03,Regelklasse,5,53,31,22,27,16,11,27,16,11
08S08,Jahrgangsstufe 04,Regelklasse,4,41,26,15,9,8,1,9,8,1
08S08,Jahrgangsstufe 05,Regelklasse,5,50,40,10,17,15,2,17,15,2
08S08,Jahrgangsstufe 06,Regelklasse,3,31,23,8,14,11,3,14,11,3
08S08,Jahrgangsstufe 07,Regelklasse,2,25,19,6,9,6,3,9,6,3
08S08,Jahrgangsstufe 08,Regelklasse,3,30,19,11,10,7,3,10,7,3
08S08,Jahrgangsstufe 09,Regelklasse,3,26,16,10,13,8,5,13,8,5
08S08,Jahrgangsstufe 10,Regelklasse,2,25,20,5,9,8,1,9,8,1
08S08,Schulanfangsphase,Jahrgangsbezogene Lerngruppe,9,76,53,23,40,31,9,40,31,9
08S08,Schulanfangsphase,Jahrgangsübergreifende Lerngruppe,6,70,45,25,38,24,14,38,24,14
08S09,Jahrgangsstufe 03,Regelklasse,1,4,3,1,0,0,0,0,0,0
08S09,Jahrgangsstufe 04,Regelklasse,1,7,7,0,2,2,0,2,2,0
08S09,Jahrgangsstufe 05,Regelklasse,1,7,6,1,1,1,0,1,1,0
08S09,Jahrgangsstufe 06,Regelklasse,1,8,8,0,2,2,0,4,4,0
08S09,Jahrgangsstufe 08,Regelklasse,2,12,12,0,1,1,0,6,6,0
08S09,Jahrgangsstufe 09,Regelklasse,1,11,11,0,1,1,0,4,4,0
08S09,Jahrgangsstufe 10,Regelklasse,1,4,3,1,0,0,0,2,1,1
08Y01,1. Kurshalbjahr,Regelklasse (Kurshalbjahre),0,104,47,57,25,10,15,66,29,37
08Y01,3. Kurshalbjahr,Regelklasse (Kurshalbjahre),0,97,47,50,19,10,9,64,30,34
08Y01,Jahrgangsstufe 05,"Klasse ""achtjähriges Gymnasium""",1,22,11,11,4,2,2,9,4,5
08Y01,Jahrgangsstufe 06,"Klasse ""achtjähriges Gymnasium""",1,29,13,16,1,0,1,10,3,7
08Y01,Jahrgangsstufe 07,"Klasse ""achtjähriges Gymnasium""",1,24,12,12,1,1,0,11,5,6
08Y01,Jahrgangsstufe 07,Regelklasse,3,90,39,51,21,12,9,78,35,43
08Y01,Jahrgangsstufe 08,Regelklasse,3,93,33,60,29,10,19,73,27,46
08Y01,Jahrgangsstufe 09,"Klasse ""achtjähriges Gymnasium""",2,47,21,26,3,3,0,32,14,18
08Y01,Jahrgangsstufe 09,Regelklasse,2,58,28,30,19,8,11,50,24,26
08Y01,Jahrgangsstufe 10,"Klasse ""achtjähriges Gymnasium""",2,45,28,17,13,9,4,25,14,11
08Y01,Jahrgangsstufe 10,Regelklasse,2,59,26,33,20,8,12,46,17,29
08Y02,1. Kurshalbjahr,Regelklasse (Kurshalbjahre),0,114,41,73,42,13,29,90,38,52
08Y02,3. Kurshalbjahr,Regelklasse (Kurshalbjahre),0,87,31,56,27,11,16,71,27,44
08Y02,Jahrgangsstufe 07,Regelklasse,4,119,55,64,29,14,15,115,54,61
08Y02,Jahrgangsstufe 08,Regelklasse,4,119,58,61,41,16,25,111,52,59
08Y02,Jahrgangsstufe 09,Regelklasse,4,108,56,52,43,22,21,107,56,51
08Y02,Jahrgangsstufe 10,Regelklasse,3,87,36,51,47,19,28,84,34,50
08Y03,1. Kurshalbjahr,Regelklasse (Kurshalbjahre),0,188,80,108,50,23,27,92,38,54
08Y03,3. Kurshalbjahr,Regelklasse (Kurshalbjahre),0,184,69,115,48,25,23,78,35,43
08Y03,Jahrgangsstufe 07,Klasse der Staatlichen Europaschule,2,36,14,22,27,12,15,34,13,21
08Y03,Jahrgangsstufe 07,Regelklasse,4,127,50,77,13,5,8,60,26,34
08Y03,Jahrgangsstufe 08,Klasse der Staatlichen Europaschule,2,53,21,32,32,11,21,48,17,31
08Y03,Jahrgangsstufe 08,Regelklasse,4,129,60,69,23,15,8,69,33,36
08Y03,Jahrgangsstufe 09,Klasse der Staatlichen Europaschule,2,63,23,40,38,17,21,48,21,27
08Y03,Jahrgangsstufe 09,Regelklasse,3,91,38,53,13,5,8,33,13,20
08Y03,Jahrgangsstufe 10,Klasse der Staatlichen Europaschule,1,30,12,18,17,6,11,19,8,11
08Y03,Jahrgangsstufe 10,Regelklasse,4,131,53,78,21,11,10,51,22,29
08Y04,1. Kurshalbjahr,Regelklasse (Kurshalbjahre),0,68,34,34,31,17,14,64,33,31
08Y04,3. Kurshalbjahr,Regelklasse (Kurshalbjahre),0,64,32,32,23,9,14,52,24,28
08Y04,Jahrgangsstufe 07,Regelklasse,4,107,44,63,20,12,8,105,44,61
08Y04,Jahrgangsstufe 08,Regelklasse,5,124,64,60,49,22,27,114,57,57
08Y04,Jahrgangsstufe 09,Regelklasse,4,107,44,63,51,20,31,101,44,57
08Y04,Jahrgangsstufe 10,Regelklasse,2,55,20,35,21,2,19,51,19,32
08Y05,1. Kurshalbjahr,Regelklasse (Kurshalbjahre),0,158,66,92,18,6,12,35,11,24
08Y05,3. Kurshalbjahr,Regelklasse (Kurshalbjahre),0,136,67,69,5,2,3,36,16,20
08Y05,Jahrgangsstufe 07,Regelklasse,4,122,52,70,6,2,4,67,30,37
08Y05,Jahrgangsstufe 08,Regelklasse,8,228,100,128,30,10,20,95,39,56
08Y05,Jahrgangsstufe 09,Regelklasse,6,181,79,102,23,11,12,66,30,36
08Y05,Jahrgangsstufe 10,Regelklasse,5,147,64,83,24,9,15,53,19,34
08Y06,1. Kurshalbjahr,Regelklasse (Kurshalbjahre),0,133,78,55,21,15,6,58,36,22
08Y06,3. Kurshalbjahr,Regelklasse (Kurshalbjahre),0,85,47,38,5,3,2,23,11,12
08Y06,Jahrgangsstufe 07,Regelklasse,4,128,60,68,5,5,0,63,31,32
08Y06,Jahrgangsstufe 08,Regelklasse,5,159,76,83,14,8,6,58,28,30
08Y06,Jahrgangsstufe 09,Regelklasse,4,124,57,67,3,1,2,40,17,23
08Y06,Jahrgangsstufe 10,Regelklasse,4,127,65,62,17,8,9,48,24,24
09A07,1. Kurshalbjahr,Regelklasse (Kurshalbjahre),0,34,31,3,0,0,0,2,2,0
09A07,2. Kurshalbjahr,Regelklasse (Kurshalbjahre),0,25,20,5,0,0,0,1,0,1
09A07,3. Kurshalbjahr,Regelklasse (Kurshalbjahre),0,16,13,3,0,0,0,1,1,0
09A07,Jahrgangsstufe 07,Regelklasse,3,49,37,12,0,0,0,2,2,0
09A07,Jahrgangsstufe 08,Regelklasse,3,54,44,10,0,0,0,1,1,0
09A07,Jahrgangsstufe 09,Regelklasse,3,60,48,12,0,0,0,1,0,1
09A07,Jahrgangsstufe 10,Regelklasse,3,46,27,19,1,1,0,2,1,1
09G01,Jahrgangsstufe 03,Regelklasse,4,93,56,37,7,7,0,38,22,16
09G01,Jahrgangsstufe 04,Regelklasse,4,91,48,43,0,0,0,65,32,33
09G01,Jahrgangsstufe 05,Regelklasse,4,88,47,41,8,5,3,42,25,17
09G01,Jahrgangsstufe 06,Lerngruppen für Neuzugänge ohne Deutschkenntnisse,1,10,5,5,10,5,5,10,5,5
09G01,Jahrgangsstufe 06,Regelklasse,3,62,25,37,6,5,1,29,15,14
09G01,Schulanfangsphase,Jahrgangsbezogene Lerngruppe,6,120,59,61,6,3,3,55,31,24
09G01,Schulanfangsphase,Jahrgangsübergreifende Lerngruppe,4,83,52,31,9,5,4,44,31,13
09G04,Jahrgangsstufe 03,Regelklasse,3,72,35,37,0,0,0,9,6,3
09G04,Jahrgangsstufe 04,Regelklasse,3,69,43,26,0,0,0,6,4,2
09G04,Jahrgangsstufe 05,Regelklasse,3,72,34,38,0,0,0,4,2,2
09G04,Jahrgangsstufe 06,Regelklasse,3,67,37,30,0,0,0,7,4,3
09G04,Schulanfangsphase,Jahrgangsübergreifende Lerngruppe,6,149,78,71,0,0,0,19,14,5
09G05,Jahrgangsstufe 03,Regelklasse,3,72,47,25,2,0,2,7,4,3
09G05,Jahrgangsstufe 04,Regelklasse,2,49,25,24,2,1,1,5,3,2
09G05,Jahrgangsstufe 05,Regelklasse,2,49,18,31,4,2,2,4,2,2
09G05,Jahrgangsstufe 06,Regelklasse,2,47,26,21,1,1,0,3,2,1
09G05,Schulanfangsphase,Jahrgangsübergreifende Lerngruppe,6,144,64,80,1,1,0,13,7,6
09G06,Jahrgangsstufe 03,Regelklasse,2,53,28,25,1,1,0,4,2,2
09G06,Jahrgangsstufe 04,Regelklasse,3,62,23,39,1,0,1,5,1,4
09G06,Jahrgangsstufe 05,Regelklasse,2,42,27,15,4,4,0,7,4,3
09G06,Jahrgangsstufe 06,Regelklasse,3,59,32,27,1,0,1,3,0,3
09G06,Schulanfangsphase,Jahrgangsbezogene Lerngruppe,4,102,49,53,2,0,2,15,4,11
09G07,Jahrgangsstufe 03,Regelklasse,3,71,32,39,3,0,3,3,1,2
09G07,Jahrgangsstufe 04,Regelklasse,2,51,25,26,0,0,0,0,0,0
09G07,Jahrgangsstufe 05,Regelklasse,2,46,21,25,1,1,0,4,2,2
09G07,Jahrgangsstufe 06,Regelklasse,3,55,27,28,0,0,0,6,1,5
09G07,Schulanfangsphase,Jahrgangsübergreifende Lerngruppe,6,111,72,39,2,2,0,16,10,6
09G09,Jahrgangsstufe 03,Jahrgangsübergreifende Lerngruppe,2,49,22,27,1,0,1,7,2,5
09G09,Jahrgangsstufe 03,Regelklasse,1,16,9,7,1,1,0,5,4,1
09G09,Jahrgangsstufe 04,Regelklasse,2,44,23,21,1,0,1,3,2,1
09G09,Jahrgangsstufe 05,Regelklasse,2,49,32,17,0,0,0,1,1,0
09G09,Jahrgangsstufe 06,Regelklasse,3,63,37,26,0,0,0,3,3,0
09G09,Schulanfangsphase,Jahrgangsübergreifende Lerngruppe,2,45,24,21,0,0,0,3,2,1
09G10,Jahrgangsstufe 03,Regelklasse,2,58,24,34,2,1,1,4,3,1
09G10,Jahrgangsstufe 04,Regelklasse,3,59,30,29,2,1,1,3,2,1
09G10,Jahrgangsstufe 05,Regelklasse,2,55,30,25,5,2,3,6,2,4
09G10,Jahrgangsstufe 06,Regelklasse,3,74,40,34,2,2,0,4,2,2
09G10,Schulanfangsphase,Jahrgangsübergreifende Lerngruppe,5,128,60,68,10,5,5,9,4,5
09G11,Jahrgangsstufe 03,Regelklasse,2,44,19,25,1,1,0,6,3,3
09G11,Jahrgangsstufe 04,Regelklasse,2,55,27,28,2,1,1,6,3,3
09G11,Jahrgangsstufe 05,Regelklasse,2,59,36,23,1,0,1,9,2,7
09G11,Jahrgangsstufe 06,Regelklasse,2,49,18,31,2,2,0,4,0,4
09G11,Schulanfangsphase,Jahrgangsbezogene Lerngruppe,7,152,77,75,6,4,2,10,5,5
09G13,Jahrgangsstufe 03,Regelklasse,1,27,12,15,0,0,0,0,0,0
09G13,Jahrgangsstufe 04,Regelklasse,1,24,11,13,0,0,0,0,0,0
09G13,Jahrgangsstufe 06,Regelklasse,1,25,12,13,0,0,0,0,0,0
09G13,Schulanfangsphase,Jahrgangsbezogene Lerngruppe,3,66,35,31,0,0,0,0,0,0
09G14,Jahrgangsstufe 03,Regelklasse,3,71,41,30,1,1,0,1,1,0
09G14,Jahrgangsstufe 04,Regelklasse,3,65,30,35,2,0,2,2,0,2
09G14,Jahrgangsstufe 05,Regelklasse,3,80,36,44,1,1,0,2,2,0
09G14,Jahrgangsstufe 06,Regelklasse,3,61,32,29,3,1,2,3,1,2
09G14,Schulanfangsphase,Jahrgangsübergreifende Lerngruppe,6,139,72,67,4,0,4,7,2,5
09G15,Jahrgangsstufe 03,Regelklasse,4,92,37,55,2,2,0,14,7,7
09G15,Jahrgangsstufe 04,Regelklasse,4,85,36,49,1,0,1,13,5,8
09G15,Jahrgangsstufe 05,Regelklasse,4,99,58,41,0,0,0,15,10,5
09G15,Jahrgangsstufe 06,Regelklasse,3,65,38,27,1,1,0,9,7,2
09G15,Schulanfangsphase,Jahrgangsübergreifende Lerngruppe,8,158,71,87,2,0,2,30,7,23
09G16,Jahrgangsstufe 03,Regelklasse,2,47,19,28,0,0,0,0,0,0
09G16,Jahrgangsstufe 04,Regelklasse,2,38,19,19,0,0,0,1,1,0
09G16,Jahrgangsstufe 05,Regelklasse,2,32,22,10,0,0,0,3,2,1
09G16,Jahrgangsstufe 06,Regelklasse,2,39,16,23,0,0,0,0,0,0
09G16,Schulanfangsphase,Jahrgangsbezogene Lerngruppe,4,89,44,45,0,0,0,1,1,0
09G17,Jahrgangsstufe 03,Regelklasse,3,67,36,31,0,0,0,2,2,0
09G17,Jahrgangsstufe 04,Regelklasse,2,46,29,17,1,1,0,3,2,1
09G17,Jahrgangsstufe 05,Regelklasse,3,73,41,32,1,0,1,1,0,1
09G17,Jahrgangsstufe 06,Regelklasse,3,64,32,32,1,0,1,4,1,3
09G17,Schulanfangsphase,Jahrgangsbezogene Lerngruppe,4,95,47,48,0,0,0,8,3,5
09G17,Schulanfangsphase,Jahrgangsübergreifende Lerngruppe,2,47,24,23,3,3,0,6,4,2
09G18,Jahrgangsstufe 03,Regelklasse,3,59,32,27,1,0,1,6,4,2
09G18,Jahrgangsstufe 04,Regelklasse,3,59,29,30,1,0,1,1,0,1
09G18,Jahrgangsstufe 05,Regelklasse,3,63,31,32,1,1,0,5,2,3
09G18,Jahrgangsstufe 06,Regelklasse,2,42,25,17,3,0,3,6,0,6
09G18,Schulanfangsphase,Jahrgangsübergreifende Lerngruppe,8,168,88,80,2,2,0,12,7,5
09G19,Jahrgangsstufe 03,Regelklasse,3,56,26,30,3,1,2,9,5,4
09G19,Jahrgangsstufe 04,Regelklasse,3,60,24,36,0,0,0,9,4,5
09G19,Jahrgangsstufe 05,Regelklasse,3,62,27,35,3,2,1,14,6,8
09G19,Jahrgangsstufe 06,Regelklasse,2,42,25,17,1,1,0,6,2,4
09G19,Schulanfangsphase,Jahrgangsbezogene Lerngruppe,1,24,11,13,1,1,0,2,1,1
09G19,Schulanfangsphase,Jahrgangsübergreifende Lerngruppe,5,120,60,60,1,1,0,12,3,9
09G20,Jahrgangsstufe 03,Regelklasse,2,35,18,17,2,1,1,0,0,0
09G20,Jahrgangsstufe 04,Regelklasse,2,46,20,26,1,0,1,0,0,0
09G20,Jahrgangsstufe 05,Regelklasse,2,36,18,18,0,0,0,0,0,0
09G20,Jahrgangsstufe 06,Regelklasse,2,53,23,30,0,0,0,0,0,0
09G20,Schulanfangsphase,Jahrgangsübergreifende Lerngruppe,4,94,47,47,1,1,0,0,0,0
09G21,Jahrgangsstufe 03,Jahrgangsübergreifende Lerngruppe,6,140,61,79,6,1,5,8,1,7
09G21,Jahrgangsstufe 03,Regelklasse,1,23,8,15,3,0,3,3,0,3
09G21,Jahrgangsstufe 05,Regelklasse,1,24,15,9,3,1,2,3,1,2
09G21,Jahrgangsstufe 06,Jahrgangsübergreifende Lerngruppe,6,134,62,72,8,3,5,9,4,5
09G21,Schulanfangsphase,Jahrgangsbezogene Lerngruppe,1,22,5,17,0,0,0,4,2,2
09G22,Jahrgangsstufe 03,Regelklasse,3,65,31,34,16,8,8,16,8,8
09G22,Jahrgangsstufe 04,Regelklasse,3,63,37,26,13,9,4,13,9,4
09G22,Jahrgangsstufe 05,Regelklasse,3,70,36,34,11,8,3,11,8,3
09G22,Jahrgangsstufe 06,Regelklasse,3,74,27,47,25,12,13,25,12,13
09G22,Schulanfangsphase,Jahrgangsbezogene Lerngruppe,7,155,77,78,41,23,18,41,23,18
09G23,Jahrgangsstufe 03,Regelklasse,2,57,23,34,1,1,0,1,1,0
09G23,Jahrgangsstufe 04,Regelklasse,3,71,36,35,0,0,0,5,3,2
09G23,Jahrgangsstufe 05,Regelklasse,2,42,14,28,0,0,0,0,0,0
09G23,Jahrgangsstufe 06,Regelklasse,2,52,21,31,0,0,0,0,0,0
09G23,Schulanfangsphase,Jahrgangsübergreifende Lerngruppe,6,125,57,68,5,3,2,6,4,2
09G24,Jahrgangsstufe 03,Jahrgangsübergreifende Lerngruppe,3,72,35,37,0,0,0,0,0,0
09G24,Jahrgangsstufe 03,Regelklasse,2,39,14,25,0,0,0,0,0,0
09G24,Jahrgangsstufe 04,Regelklasse,3,58,27,31,1,0,1,1,0,1
09G24,Jahrgangsstufe 05,Regelklasse,3,63,36,27,0,0,0,0,0,0
09G24,Jahrgangsstufe 06,Regelklasse,3,66,33,33,1,0,1,1,0,1
09G24,Schulanfangsphase,Jahrgangsübergreifende Lerngruppe,2,46,23,23,0,0,0,0,0,0
09G25,Jahrgangsstufe 03,Regelklasse,2,38,19,19,0,0,0,2,2,0
09G25,Jahrgangsstufe 04,Regelklasse,2,47,21,26,0,0,0,5,4,1
09G25,Jahrgangsstufe 05,Regelklasse,2,49,29,20,0,0,0,4,2,2
09G25,Jahrgangsstufe 06,Regelklasse,2,41,25,16,0,0,0,1,1,0
09G25,Schulanfangsphase,Jahrgangsübergreifende Lerngruppe,4,84,49,35,3,1,2,2,1,1
09G26,Jahrgangsstufe 03,Jahrgangsübergreifende Lerngruppe,3,65,33,32,2,2,0,0,0,0
09G26,Jahrgangsstufe 03,Regelklasse,2,43,23,20,0,0,0,0,0,0
09G26,Jahrgangsstufe 04,Regelklasse,3,68,28,40,2,0,2,0,0,0
09G26,Jahrgangsstufe 05,Regelklasse,3,70,34,36,0,0,0,0,0,0
09G26,Jahrgangsstufe 06,Regelklasse,3,62,32,30,0,0,0,0,0,0
09G26,Schulanfangsphase,Jahrgangsbezogene Lerngruppe,4,88,56,32,1,0,1,0,0,0
09G27,Jahrgangsstufe 03,Regelklasse,3,65,37,28,0,0,0,0,0,0
09G27,Jahrgangsstufe 04,Regelklasse,2,52,24,28,0,0,0,0,0,0
09G27,Jahrgangsstufe 05,Regelklasse,3,60,33,27,0,0,0,0,0,0
09G27,Jahrgangsstufe 06,Regelklasse,2,46,16,30,0,0,0,0,0,0
09G27,Schulanfangsphase,Jahrgangsbezogene Lerngruppe,6,139,74,65,0,0,0,0,0,0
09G29,Jahrgangsstufe 03,Regelklasse,1,25,11,14,1,1,0,3,2,1
09G29,Jahrgangsstufe 04,Regelklasse,1,24,11,13,1,1,0,2,2,0
09G29,Jahrgangsstufe 05,Regelklasse,1,23,15,8,0,0,0,0,0,0
09G29,Jahrgangsstufe 06,Regelklasse,1,25,13,12,1,1,0,1,1,0
09G29,Schulanfangsphase,Jahrgangsbezogene Lerngruppe,2,47,26,21,4,1,3,4,1,3
09K01,1. Kurshalbjahr,Regelklasse (Kurshalbjahre),0,108,48,60,2,1,1,4,3,1
09K01,3. Kurshalbjahr,Regelklasse (Kurshalbjahre),0,101,46,55,4,2,2,9,3,6
09K01,E-Phase,Regelklasse,4,110,53,57,2,1,1,4,2,2
09K01,Jahrgangsstufe 07,Regelklasse,6,155,83,72,1,1,0,1,1,0
09K01,Jahrgangsstufe 08,Regelklasse,6,155,84,71,0,0,0,0,0,0
09K01,Jahrgangsstufe 09,Regelklasse,7,165,88,77,4,3,1,5,4,1
09K01,Jahrgangsstufe 10,Regelklasse,5,128,66,62,3,2,1,6,4,2
09K02,1. Kurshalbjahr,Regelklasse (Kurshalbjahre),0,77,36,41,1,1,0,4,3,1
09K02,3. Kurshalbjahr,Regelklasse (Kurshalbjahre),0,81,38,43,4,2,2,4,2,2
09K02,E-Phase,Gymnasiale Oberstufe gem. § 5 VO-GO,3,93,47,46,3,1,2,4,1,3
09K02,Jahrgangsstufe 03,Regelklasse,3,71,29,42,1,1,0,1,1,0
09K02,Jahrgangsstufe 04,Regelklasse,3,70,32,38,1,1,0,2,1,1
09K02,Jahrgangsstufe 05,Regelklasse,2,48,19,29,1,1,0,1,0,1
09K02,Jahrgangsstufe 07,Regelklasse,4,100,45,55,0,0,0,2,0,2
09K02,Jahrgangsstufe 08,Regelklasse,5,117,56,61,2,2,0,2,2,0
09K02,Jahrgangsstufe 09,Regelklasse,4,105,61,44,4,2,2,8,3,5
09K02,Jahrgangsstufe 10,Regelklasse,4,96,47,49,4,1,3,5,2,3
09K02,Schulanfangsphase,Jahrgangsbezogene Lerngruppe,6,145,77,68,1,0,1,3,2,1
09K03,Jahrgangsstufe 07,Regelklasse,4,100,56,44,3,1,2,4,1,3
09K03,Jahrgangsstufe 08,Regelklasse,5,130,71,59,2,1,1,4,3,1
09K03,Jahrgangsstufe 09,Praxislerngruppe,1,18,12,6,1,0,1,1,0,1
09K03,Jahrgangsstufe 09,Regelklasse,3,86,47,39,1,1,0,3,2,1
09K03,Jahrgangsstufe 10,Regelklasse,2,60,38,22,0,0,0,0,0,0
09K04,Jahrgangsstufe 07,Regelklasse,3,76,32,44,9,3,6,13,4,9
09K04,Jahrgangsstufe 08,Regelklasse,5,127,65,62,9,3,6,14,4,10
09K04,Jahrgangsstufe 09,Praxislerngruppe,1,20,11,9,2,1,1,2,1,1
09K04,Jahrgangsstufe 09,Regelklasse,3,88,42,46,3,0,3,7,2,5
09K04,Jahrgangsstufe 10,Regelklasse,2,58,33,25,4,2,2,12,7,5
09K05,Jahrgangsstufe 07,Regelklasse,4,100,47,53,0,0,0,0,0,0
09K05,Jahrgangsstufe 08,Regelklasse,5,116,81,35,0,0,0,2,0,2
09K05,Jahrgangsstufe 09,Regelklasse,3,82,44,38,2,1,1,3,1,2
09K05,Jahrgangsstufe 10,Regelklasse,3,89,55,34,2,1,1,2,1,1
09K06,Jahrgangsstufe 07,Regelklasse,4,104,64,40,0,0,0,2,1,1
09K06,Jahrgangsstufe 08,Regelklasse,4,105,64,41,1,0,1,1,0,1
09K06,Jahrgangsstufe 09,Regelklasse,4,115,62,53,2,1,1,4,2,2
09K06,Jahrgangsstufe 10,Regelklasse,4,115,70,45,5,1,4,12,7,5
09K07,Jahrgangsstufe 03,Regelklasse,4,86,48,38,9,6,3,18,8,10
09K07,Jahrgangsstufe 04,Regelklasse,4,81,42,39,5,2,3,25,11,14
09K07,Jahrgangsstufe 05,Regelklasse,4,65,35,30,12,5,7,18,9,9
09K07,Jahrgangsstufe 06,Regelklasse,3,62,32,30,1,1,0,14,9,5
09K07,Jahrgangsstufe 07,Regelklasse,4,104,44,60,5,2,3,25,9,16
09K07,Jahrgangsstufe 08,Regelklasse,5,120,74,46,12,7,5,31,19,12
09K07,Jahrgangsstufe 09,Lerngruppen für Neuzugänge ohne Deutschkenntnisse,2,24,14,10,24,14,10,24,14,10
09K07,Jahrgangsstufe 09,Regelklasse,3,76,43,33,1,0,1,18,11,7
09K07,Jahrgangsstufe 10,Regelklasse,4,98,37,61,12,8,4,24,11,13
09K07,Schulanfangsphase,Jahrgangsübergreifende Lerngruppe,8,185,87,98,9,3,6,51,23,28
09K08,Jahrgangsstufe 07,Regelklasse,4,91,48,43,1,1,0,5,3,2
09K08,Jahrgangsstufe 08,Regelklasse,4,91,57,34,1,1,0,4,2,2
09K08,Jahrgangsstufe 09,Praxislerngruppe,1,16,14,2,2,2,0,2,2,0
09K08,Jahrgangsstufe 09,Produktives Lernen,1,26,15,11,1,0,1,1,0,1
09K08,Jahrgangsstufe 09,Regelklasse,3,78,41,37,2,1,1,4,3,1
09K08,Jahrgangsstufe 10,Produktives Lernen,1,24,14,10,0,0,0,0,0,0
09K08,Jahrgangsstufe 10,Regelklasse,4,103,69,34,7,6,1,10,6,4
09K09,Jahrgangsstufe 03,Jahrgangsübergreifende Lerngruppe,8,189,93,96,3,2,1,3,2,1
09K09,Jahrgangsstufe 04,Regelklasse,3,67,36,31,0,0,0,0,0,0
09K09,Jahrgangsstufe 05,Regelklasse,2,46,23,23,0,0,0,0,0,0
09K09,Jahrgangsstufe 06,Regelklasse,2,45,27,18,0,0,0,0,0,0
09K09,Jahrgangsstufe 07,Regelklasse,4,100,63,37,2,0,2,2,0,2
09K09,Jahrgangsstufe 08,Regelklasse,5,120,70,50,4,3,1,4,3,1
09K09,Jahrgangsstufe 09,Regelklasse,2,51,27,24,3,2,1,3,2,1
09K09,Jahrgangsstufe 10,Regelklasse,3,70,29,41,4,1,3,4,1,3
09P01,Jahrgangsstufe 04,Regelklasse,1,32,17,15,0,0,0,0,0,0
09P01,Jahrgangsstufe 05,Regelklasse,1,20,13,7,1,0,1,0,0,0
09P01,Jahrgangsstufe 06,Regelklasse,1,30,13,17,2,0,2,0,0,0
09P01,Jahrgangsstufe 07,Regelklasse,1,31,15,16,1,0,1,0,0,0
09P01,Jahrgangsstufe 08,Regelklasse,1,33,13,20,2,0,2,0,0,0
09P01,Jahrgangsstufe 09,Regelklasse,1,29,14,15,0,0,0,0,0,0
09P01,Jahrgangsstufe 10,Regelklasse,1,34,15,19,0,0,0,0,0,0
09P01,Jahrgangsstufe 11,Regelklasse,1,30,13,17,0,0,0,0,0,0
09P01,Jahrgangsstufe 12,Regelklasse,1,19,9,10,1,1,0,1,1,0
09P01,Jahrgangsstufe 13,Regelklasse,1,14,6,8,0,0,0,0,0,0
09P01,Schulanfangsphase,Jahrgangsbezogene Lerngruppe,3,73,35,38,2,1,1,0,0,0
09P01,Schulanfangsphase,Jahrgangsübergreifende Lerngruppe,1,33,15,18,0,0,0,0,0,0
09P06,1. Kurshalbjahr,Regelklasse (Kurshalbjahre),0,5,3,2,0,0,0,0,0,0
09P06,3. Kurshalbjahr,Regelklasse (Kurshalbjahre),0,7,4,3,0,0,0,0,0,0
09P06,E-Phase,Regelklasse,1,17,8,9,0,0,0,0,0,0
09P06,Jahrgangsstufe 03,Jahrgangsübergreifende Lerngruppe,3,75,40,35,0,0,0,0,0,0
09P06,Jahrgangsstufe 06,Jahrgangsübergreifende Lerngruppe,3,77,34,43,0,0,0,0,0,0
09P06,Jahrgangsstufe 10,Regelklasse,4,98,49,49,0,0,0,0,0,0
09P07,1. Kurshalbjahr,Regelklasse (Kurshalbjahre),0,94,27,67,3,0,3,2,0,2
09P07,3. Kurshalbjahr,Regelklasse (Kurshalbjahre),0,59,25,34,1,1,0,0,0,0
09P07,Jahrgangsstufe 05,Regelklasse,2,46,18,28,0,0,0,2,1,1
09P07,Jahrgangsstufe 06,Regelklasse,2,56,22,34,0,0,0,0,0,0
09P07,Jahrgangsstufe 07,Regelklasse,3,76,37,39,0,0,0,0,0,0
09P07,Jahrgangsstufe 08,Regelklasse,3,76,30,46,0,0,0,0,0,0
09P07,Jahrgangsstufe 09,Regelklasse,3,86,37,49,1,1,0,1,1,0
09P07,Jahrgangsstufe 10,Regelklasse,3,89,34,55,2,0,2,0,0,0
09P09,1. Kurshalbjahr,Regelklasse (Kurshalbjahre),0,17,9,8,2,1,1,4,2,2
09P09,3. Kurshalbjahr,Regelklasse (Kurshalbjahre),0,18,10,8,0,0,0,1,0,1
09P09,Jahrgangsstufe 07,Regelklasse,2,22,15,7,1,0,1,1,0,1
09P09,Jahrgangsstufe 07,Regelklasse,3,45,19,26,0,0,0,0,0,0
09P09,Jahrgangsstufe 08,Regelklasse,2,39,16,23,1,0,1,2,0,2
09P09,Jahrgangsstufe 08,Regelklasse,1,20,15,5,0,0,0,0,0,0
09P09,Jahrgangsstufe 09,Regelklasse,1,20,10,10,1,1,0,1,1,0
09P09,Jahrgangsstufe 09,Regelklasse,1,19,12,7,0,0,0,0,0,0
09P09,Jahrgangsstufe 10,Regelklasse,2,38,17,21,1,0,1,1,0,1
09P09,Jahrgangsstufe 10,Regelklasse,1,15,13,2,0,0,0,1,1,0
09P10,Jahrgangsstufe 04,Jahrgangsübergreifende Lerngruppe,1,14,9,5,0,0,0,0,0,0
09P10,Schulanfangsphase,Jahrgangsübergreifende Lerngruppe,1,14,6,8,0,0,0,0,0,0
09P12,Jahrgangsstufe 03,Regelklasse,2,32,10,22,7,1,6,26,8,18
09P12,Jahrgangsstufe 04,Regelklasse,2,24,19,5,2,2,0,13,9,4
09P12,Jahrgangsstufe 05,Regelklasse,2,36,16,20,3,1,2,28,12,16
09P12,Schulanfangsphase,Jahrgangsbezogene Lerngruppe,4,66,34,32,2,1,1,47,26,21
09P13,Jahrgangsstufe 03,Regelklasse,2,46,24,22,0,0,0,0,0,0
09P13,Jahrgangsstufe 04,Regelklasse,2,36,21,15,0,0,0,0,0,0
09P13,Jahrgangsstufe 05,Regelklasse,2,35,16,19,0,0,0,0,0,0
09P13,Schulanfangsphase,Jahrgangsbezogene Lerngruppe,4,78,35,43,0,0,0,0,0,0
09P15,Jahrgangsstufe 03,Jahrgangsübergreifende Lerngruppe,1,21,11,10,1,0,1,1,1,0
09P15,Jahrgangsstufe 05,Jahrgangsübergreifende Lerngruppe,1,22,13,9,1,0,1,0,0,0
09P16,Jahrgangsstufe 03,Regelklasse,1,15,10,5,0,0,0,0,0,0
09P16,Schulanfangsphase,Jahrgangsbezogene Lerngruppe,3,53,28,25,0,0,0,0,0,0
09S01,Jahrgangsstufe 03,Regelklasse,1,6,3,3,0,0,0,0,0,0
09S01,Jahrgangsstufe 04,Regelklasse,1,7,5,2,0,0,0,0,0,0
09S01,Jahrgangsstufe 05,Regelklasse,1,13,7,6,0,0,0,0,0,0
09S01,Jahrgangsstufe 06,Regelklasse,2,19,10,9,0,0,0,2,0,2
09S01,Jahrgangsstufe 07,Regelklasse,1,14,6,8,0,0,0,0,0,0
09S01,Jahrgangsstufe 08,Regelklasse,2,25,12,13,0,0,0,1,0,1
09S01,Jahrgangsstufe 09,Regelklasse,2,28,12,16,1,0,1,1,0,1
09S01,Jahrgangsstufe 10,Regelklasse,2,17,12,5,0,0,0,0,0,0
09S02,Jahrgangsstufe 04,Jahrgangsübergreifende Lerngruppe,1,15,12,3,0,0,0,0,0,0
09S02,Jahrgangsstufe 05,Jahrgangsübergreifende Lerngruppe,1,11,6,5,0,0,0,0,0,0
09S02,Jahrgangsstufe 06,Jahrgangsübergreifende Lerngruppe,1,12,8,4,0,0,0,0,0,0
09S02,Jahrgangsstufe 06,Regelklasse,1,11,8,3,0,0,0,0,0,0
09S02,Jahrgangsstufe 07,Regelklasse,3,25,19,6,0,0,0,0,0,0
09S02,Jahrgangsstufe 08,Regelklasse,2,21,12,9,0,0,0,0,0,0
09S02,Jahrgangsstufe 09,Regelklasse,1,11,5,6,0,0,0,0,0,0
09S02,Jahrgangsstufe 10,Regelklasse,2,28,10,18,0,0,0,0,0,0
09S03,Abschlussstufe,Regelklasse,4,29,16,13,2,1,1,2,1,1
09S03,Eingangsstufe,Regelklasse,2,13,9,4,1,1,0,1,1,0
09S03,Mittelstufe,Regelklasse,4,24,17,7,2,1,1,2,1,1
09S03,Oberstufe,Regelklasse,5,32,24,8,3,2,1,3,2,1
09S03,Unterstufe,Regelklasse,7,44,30,14,4,4,0,4,4,0
09S04,Jahrgangsstufe 03,Regelklasse,1,14,6,8,0,0,0,0,0,0
09S04,Jahrgangsstufe 04,Regelklasse,2,24,18,6,0,0,0,0,0,0
09S04,Jahrgangsstufe 05,Regelklasse,2,19,14,5,0,0,0,0,0,0
09S04,Jahrgangsstufe 06,Regelklasse,1,13,9,4,0,0,0,0,0,0
09S04,Schulanfangsphase,Jahrgangsbezogene Lerngruppe,3,36,27,9,1,1,0,1,1,0
09S04,Schulanfangsphase,Jahrgangsübergreifende Lerngruppe,7,83,53,30,0,0,0,6,4,2
09S05,Jahrgangsstufe 04,Jahrgangsübergreifende Lerngruppe,1,11,5,6,0,0,0,0,0,0
09S05,Jahrgangsstufe 06,Jahrgangsübergreifende Lerngruppe,1,11,5,6,0,0,0,0,0,0
09S05,Jahrgangsstufe 08,Regelklasse,1,16,12,4,0,0,0,0,0,0
09Y03,1. Kurshalbjahr,Regelklasse (Kurshalbjahre),0,114,67,47,7,4,3,10,6,4
09Y03,3. Kurshalbjahr,Regelklasse (Kurshalbjahre),0,106,54,52,6,2,4,10,4,6
09Y03,Jahrgangsstufe 07,Regelklasse,4,120,68,52,2,1,1,8,6,2
09Y03,Jahrgangsstufe 08,Regelklasse,4,125,79,46,3,2,1,6,5,1
09Y03,Jahrgangsstufe 09,Regelklasse,4,125,81,44,1,0,1,5,3,2
09Y03,Jahrgangsstufe 10,Regelklasse,4,109,65,44,8,5,3,15,9,6
09Y04,1. Kurshalbjahr,Regelklasse (Kurshalbjahre),0,170,72,98,3,3,0,0,0,0
09Y04,3. Kurshalbjahr,Regelklasse (Kurshalbjahre),0,97,46,51,2,0,2,1,0,1
09Y04,Jahrgangsstufe 07,Regelklasse,5,157,76,81,2,1,1,15,7,8
09Y04,Jahrgangsstufe 08,Regelklasse,5,155,69,86,4,3,1,9,2,7
09Y04,Jahrgangsstufe 09,Regelklasse,5,143,75,68,5,3,2,9,6,3
09Y04,Jahrgangsstufe 10,Regelklasse,6,176,66,110,2,2,0,2,0,2
09Y05,1. Kurshalbjahr,Regelklasse (Kurshalbjahre),0,87,49,38,5,4,1,7,4,3
09Y05,3. Kurshalbjahr,Regelklasse (Kurshalbjahre),0,67,37,30,2,1,1,5,2,3
09Y05,Jahrgangsstufe 07,Regelklasse,4,111,66,45,1,0,1,9,4,5
09Y05,Jahrgangsstufe 08,Regelklasse,6,159,88,71,4,2,2,13,7,6
09Y05,Jahrgangsstufe 09,Regelklasse,3,86,48,38,3,1,2,8,2,6
09Y05,Jahrgangsstufe 10,Regelklasse,4,112,68,44,4,2,2,10,5,5
09Y06,1. Kurshalbjahr,Regelklasse (Kurshalbjahre),0,74,31,43,4,2,2,2,1,1
09Y06,3. Kurshalbjahr,Regelklasse (Kurshalbjahre),0,70,43,27,1,0,1,1,0,1
09Y06,Jahrgangsstufe 07,Regelklasse,4,114,51,63,3,2,1,3,2,1
09Y06,Jahrgangsstufe 08,Regelklasse,5,150,79,71,1,1,0,1,1,0
09Y06,Jahrgangsstufe 09,Regelklasse,4,123,48,75,2,0,2,1,0,1
09Y06,Jahrgangsstufe 10,Regelklasse,4,107,48,59,1,0,1,1,0,1
09Y10,1. Kurshalbjahr,Regelklasse (Kurshalbjahre),0,89,35,54,4,2,2,3,1,2
09Y10,Jahrgangsstufe 07,Regelklasse,4,113,26,87,8,2,6,6,1,5
09Y10,Jahrgangsstufe 08,Regelklasse,6,183,62,121,7,2,5,13,5,8
09Y10,Jahrgangsstufe 09,Regelklasse,5,151,48,103,6,0,6,14,3,11
09Y10,Jahrgangsstufe 10,Regelklasse,6,156,49,107,2,2,0,2,2,0
09Y11,1. Kurshalbjahr,Regelklasse (Kurshalbjahre),0,83,43,40,3,2,1,5,3,2
09Y11,3. Kurshalbjahr,Regelklasse (Kurshalbjahre),0,87,40,47,3,2,1,6,4,2
09Y11,Jahrgangsstufe 05,"Klasse ""achtjähriges Gymnasium""",1,30,17,13,0,0,0,1,0,1
09Y11,Jahrgangsstufe 06,"Klasse ""achtjähriges Gymnasium""",1,32,17,15,0,0,0,0,0,0
09Y11,Jahrgangsstufe 07,"Klasse ""achtjähriges Gymnasium""",1,26,10,16,1,0,1,1,0,1
09Y11,Jahrgangsstufe 07,Regelklasse,4,123,64,59,1,1,0,2,1,1
09Y11,Jahrgangsstufe 08,Regelklasse,5,151,80,71,7,1,6,10,3,7
09Y11,Jahrgangsstufe 09,"Klasse ""achtjähriges Gymnasium""",1,31,11,20,0,0,0,0,0,0
09Y11,Jahrgangsstufe 09,Regelklasse,4,104,40,64,7,2,5,6,2,4
09Y11,Jahrgangsstufe 10,"Klasse ""achtjähriges Gymnasium""",2,41,18,23,0,0,0,1,1,0
09Y11,Jahrgangsstufe 10,Regelklasse,2,62,33,29,0,0,0,0,0,0
10G01,Jahrgangsstufe 03,Regelklasse,2,50,24,26,3,1,2,9,5,4
10G01,Jahrgangsstufe 04,Regelklasse,2,49,27,22,0,0,0,7,6,1
10G01,Jahrgangsstufe 05,Regelklasse,2,53,28,25,0,0,0,7,4,3
10G01,Jahrgangsstufe 06,Regelklasse,3,49,16,33,0,0,0,2,1,1
10G01,Schulanfangsphase,Jahrgangsbezogene Lerngruppe,1,19,7,12,0,0,0,1,1,0
10G01,Schulanfangsphase,Jahrgangsübergreifende Lerngruppe,6,134,66,68,3,3,0,23,15,8
10G03,Jahrgangsstufe 03,Regelklasse,3,72,36,36,5,3,2,23,12,11
10G03,Jahrgangsstufe 04,Regelklasse,3,69,37,32,6,4,2,21,10,11
10G03,Jahrgangsstufe 05,Regelklasse,3,72,29,43,5,2,3,23,8,15
10G03,Jahrgangsstufe 06,Lerngruppen für Neuzugänge ohne Deutschkenntnisse,1,10,5,5,10,5,5,10,5,5
10G03,Jahrgangsstufe 06,Regelklasse,3,69,32,37,5,3,2,19,10,9
10G03,Schulanfangsphase,Jahrgangsübergreifende Lerngruppe,7,168,75,93,13,5,8,51,28,23
10G04,Jahrgangsstufe 03,Regelklasse,3,62,32,30,7,3,4,29,13,16
10G04,Jahrgangsstufe 04,Regelklasse,2,53,31,22,4,3,1,20,9,11
10G04,Jahrgangsstufe 05,Regelklasse,2,48,23,25,4,1,3,21,9,12
10G04,Jahrgangsstufe 06,Regelklasse,2,44,22,22,3,1,2,13,4,9
10G04,Schulanfangsphase,Jahrgangsbezogene Lerngruppe,5,114,54,60,7,4,3,40,20,20
10G05,Jahrgangsstufe 03,Jahrgangsübergreifende Lerngruppe,9,210,108,102,18,10,8,76,38,38
10G05,Jahrgangsstufe 04,Regelklasse,3,55,26,29,3,1,2,23,11,12
10G05,Jahrgangsstufe 05,Regelklasse,2,55,27,28,4,2,2,17,7,10
10G05,Jahrgangsstufe 06,Regelklasse,2,49,28,21,2,1,1,15,12,3
10G05,Schulanfangsphase,Jahrgangsbezogene Lerngruppe,1,18,11,7,0,0,0,4,4,0
10G06,Jahrgangsstufe 03,Regelklasse,3,75,49,26,6,3,3,21,13,8
10G06,Jahrgangsstufe 04,Regelklasse,4,95,43,52,3,1,2,24,11,13
10G06,Jahrgangsstufe 04,Sonderpädagogische Kleinklasse,1,5,4,1,0,0,0,2,2,0
10G06,Jahrgangsstufe 05,Regelklasse,3,66,35,31,5,4,1,19,9,10
10G06,Jahrgangsstufe 06,Regelklasse,3,68,36,32,10,4,6,24,13,11
10G06,Jahrgangsstufe 06,Sonderpädagogische Kleinklasse,1,10,10,0,0,0,0,0,0,0
10G06,Schulanfangsphase,Jahrgangsbezogene Lerngruppe,1,20,11,9,0,0,0,4,1,3
10G06,Schulanfangsphase,Jahrgangsübergreifende Lerngruppe,8,167,94,73,11,3,8,49,28,21
10G07,Jahrgangsstufe 03,Regelklasse,3,63,33,30,4,1,3,19,10,9
10G07,Jahrgangsstufe 04,Regelklasse,2,46,24,22,2,1,1,11,3,8
10G07,Jahrgangsstufe 05,Regelklasse,2,47,24,23,2,2,0,14,9,5
10G07,Jahrgangsstufe 06,Regelklasse,2,41,17,24,2,1,1,11,5,6
10G07,Schulanfangsphase,Jahrgangsübergreifende Lerngruppe,4,99,46,53,18,11,7,26,17,9
10G08,Jahrgangsstufe 03,Regelklasse,3,69,31,38,0,0,0,13,5,8
10G08,Jahrgangsstufe 04,Regelklasse,2,44,23,21,0,0,0,11,4,7
10G08,Jahrgangsstufe 05,Regelklasse,2,56,26,30,0,0,0,8,3,5
10G08,Jahrgangsstufe 06,Regelklasse,2,41,20,21,0,0,0,6,3,3
10G08,Schulanfangsphase,Jahrgangsübergreifende Lerngruppe,6,145,74,71,2,0,2,20,9,11
10G09,Jahrgangsstufe 03,Regelklasse,3,67,34,33,8,4,4,16,8,8
10G09,Jahrgangsstufe 04,Regelklasse,3,75,33,42,4,2,2,13,4,9
10G09,Jahrgangsstufe 05,Regelklasse,2,49,21,28,3,1,2,7,2,5
10G09,Jahrgangsstufe 06,Regelklasse,2,39,21,18,2,0,2,9,4,5
10G09,Schulanfangsphase,Jahrgangsübergreifende Lerngruppe,7,180,85,95,10,6,4,31,18,13
10G10,Jahrgangsstufe 03,Regelklasse,3,71,32,39,8,2,6,29,13,16
10G10,Jahrgangsstufe 04,Regelklasse,3,73,38,35,13,6,7,23,12,11
10G10,Jahrgangsstufe 05,Regelklasse,3,66,35,31,10,6,4,23,16,7
10G10,Jahrgangsstufe 06,Regelklasse,3,63,34,29,11,9,2,23,16,7
10G10,Schulanfangsphase,Jahrgangsbezogene Lerngruppe,6,150,78,72,6,4,2,51,24,27
10G11,Jahrgangsstufe 03,Regelklasse,2,47,18,29,6,1,5,17,5,12
10G11,Jahrgangsstufe 04,Regelklasse,3,61,31,30,3,2,1,28,14,14
10G11,Jahrgangsstufe 05,Regelklasse,3,63,37,26,8,4,4,34,22,12
10G11,Jahrgangsstufe 06,Regelklasse,2,40,27,13,3,3,0,16,13,3
10G11,Schulanfangsphase,Jahrgangsbezogene Lerngruppe,3,52,29,23,6,3,3,19,10,9
10G11,Schulanfangsphase,Jahrgangsübergreifende Lerngruppe,4,90,48,42,16,13,3,42,28,14
10G12,Jahrgangsstufe 03,Regelklasse,4,85,38,47,2,0,2,15,6,9
10G12,Jahrgangsstufe 04,Regelklasse,3,76,28,48,3,1,2,14,3,11
10G12,Jahrgangsstufe 05,Regelklasse,3,61,33,28,1,0,1,12,8,4
10G12,Jahrgangsstufe 06,Regelklasse,2,51,26,25,0,0,0,7,4,3
10G12,Schulanfangsphase,Jahrgangsübergreifende Lerngruppe,7,163,71,92,7,4,3,33,14,19
10G13,Jahrgangsstufe 03,Regelklasse,4,95,47,48,1,0,1,4,2,2
10G13,Jahrgangsstufe 04,Regelklasse,2,54,28,26,0,0,0,2,1,1
10G13,Jahrgangsstufe 05,Regelklasse,3,75,40,35,4,2,2,6,3,3
10G13,Jahrgangsstufe 06,Regelklasse,3,72,37,35,2,0,2,2,0,2
10G13,Schulanfangsphase,Jahrgangsübergreifende Lerngruppe,6,156,81,75,1,1,0,6,5,1
10G14,Jahrgangsstufe 03,Regelklasse,4,85,48,37,7,5,2,32,18,14
10G14,Jahrgangsstufe 04,Regelklasse,4,88,49,39,11,5,6,40,20,20
10G14,Jahrgangsstufe 05,Regelklasse,4,87,45,42,10,5,5,37,19,18
10G14,Jahrgangsstufe 06,Regelklasse,3,81,36,45,15,9,6,28,15,13
10G14,Schulanfangsphase,Jahrgangsbezogene Lerngruppe,1,22,11,11,2,0,2,10,3,7
10G14,Schulanfangsphase,Jahrgangsübergreifende Lerngruppe,10,204,98,106,20,9,11,79,34,45
10G16,Jahrgangsstufe 03,Regelklasse,3,71,38,33,1,1,0,1,1,0
10G16,Jahrgangsstufe 04,Regelklasse,2,56,21,35,0,0,0,0,0,0
10G16,Jahrgangsstufe 05,Regelklasse,2,39,21,18,0,0,0,0,0,0
10G16,Jahrgangsstufe 06,Regelklasse,2,45,22,23,0,0,0,0,0,0
10G16,Schulanfangsphase,Jahrgangsübergreifende Lerngruppe,6,157,90,67,2,1,1,2,1,1
10G17,Jahrgangsstufe 03,Regelklasse,3,59,28,31,1,0,1,17,5,12
10G17,Jahrgangsstufe 04,Regelklasse,3,60,32,28,0,0,0,9,5,4
10G17,Jahrgangsstufe 05,Regelklasse,2,44,16,28,2,1,1,6,2,4
10G17,Jahrgangsstufe 06,Regelklasse,2,53,28,25,2,1,1,16,10,6
10G17,Schulanfangsphase,Jahrgangsbezogene Lerngruppe,2,47,18,29,2,1,1,5,2,3
10G17,Schulanfangsphase,Jahrgangsübergreifende Lerngruppe,6,135,62,73,0,0,0,24,12,12
10G18,Jahrgangsstufe 03,Regelklasse,3,79,39,40,8,4,4,16,5,11
10G18,Jahrgangsstufe 04,Regelklasse,4,80,42,38,3,2,1,23,12,11
10G18,Jahrgangsstufe 05,Regelklasse,3,59,23,36,3,2,1,8,5,3
10G18,Jahrgangsstufe 06,Regelklasse,2,50,23,27,4,1,3,9,3,6
10G18,Schulanfangsphase,Jahrgangsübergreifende Lerngruppe,5,115,56,59,8,4,4,20,12,8
10G19,Jahrgangsstufe 03,Jahrgangsübergreifende Lerngruppe,6,146,73,73,11,8,3,30,14,16
10G19,Jahrgangsstufe 03,Regelklasse,2,51,27,24,0,0,0,4,2,2
10G19,Jahrgangsstufe 04,Regelklasse,3,66,33,33,4,4,0,7,6,1
10G19,Jahrgangsstufe 05,Regelklasse,3,63,31,32,7,2,5,4,1,3
10G19,Jahrgangsstufe 06,Jahrgangsübergreifende Lerngruppe,3,62,37,25,0,0,0,0,0,0
10G19,Jahrgangsstufe 06,Regelklasse,2,52,25,27,5,2,3,9,5,4
10G19,Schulanfangsphase,Jahrgangsbezogene Lerngruppe,3,70,30,40,0,0,0,11,6,5
10G22,Jahrgangsstufe 03,Regelklasse,3,68,34,34,0,0,0,4,1,3
10G22,Jahrgangsstufe 04,Regelklasse,2,53,27,26,1,0,1,6,1,5
10G22,Jahrgangsstufe 05,Regelklasse,2,47,18,29,0,0,0,3,1,2
10G22,Jahrgangsstufe 06,Regelklasse,2,39,19,20,1,0,1,2,1,1
10G22,Schulanfangsphase,Jahrgangsbezogene Lerngruppe,1,22,13,9,3,0,3,3,0,3
10G22,Schulanfangsphase,Jahrgangsübergreifende Lerngruppe,6,131,63,68,8,2,6,14,7,7
10G25,Jahrgangsstufe 03,Regelklasse,3,70,34,36,3,2,1,15,5,10
10G25,Jahrgangsstufe 04,Regelklasse,3,63,32,31,1,1,0,12,7,5
10G25,Jahrgangsstufe 05,Regelklasse,3,64,41,23,1,1,0,14,8,6
10G25,Jahrgangsstufe 06,Regelklasse,2,52,23,29,0,0,0,12,6,6
10G25,Schulanfangsphase,Jahrgangsübergreifende Lerngruppe,8,188,113,75,5,3,2,35,21,14
10G26,Jahrgangsstufe 03,Regelklasse,2,39,22,17,1,0,1,5,2,3
10G26,Jahrgangsstufe 04,Regelklasse,2,40,23,17,0,0,0,3,2,1
10G26,Jahrgangsstufe 05,Regelklasse,2,37,23,14,0,0,0,1,1,0
10G26,Jahrgangsstufe 06,Regelklasse,2,47,18,29,0,0,0,2,1,1
10G26,Schulanfangsphase,Jahrgangsübergreifende Lerngruppe,4,107,63,44,1,1,0,5,3,2
10G28,Jahrgangsstufe 03,Regelklasse,4,84,48,36,2,2,0,6,5,1
10G28,Jahrgangsstufe 04,Regelklasse,4,90,50,40,2,1,1,19,13,6
10G28,Jahrgangsstufe 05,Regelklasse,4,81,39,42,1,1,0,8,5,3
10G28,Jahrgangsstufe 06,Regelklasse,4,95,43,52,4,2,2,11,4,7
10G28,Schulanfangsphase,Jahrgangsbezogene Lerngruppe,8,200,101,99,15,9,6,26,14,12
10G29,Jahrgangsstufe 03,Regelklasse,3,61,28,33,10,5,5,15,9,6
10G29,Jahrgangsstufe 04,Regelklasse,3,78,41,37,4,3,1,20,15,5
10G29,Jahrgangsstufe 05,Regelklasse,3,64,27,37,2,1,1,7,5,2
10G29,Jahrgangsstufe 06,Regelklasse,2,44,27,17,1,0,1,8,6,2
10G29,Schulanfangsphase,Jahrgangsbezogene Lerngruppe,7,154,76,78,18,7,11,37,18,19
10G30,Jahrgangsstufe 03,Regelklasse,3,70,34,36,0,0,0,1,1,0
10G30,Jahrgangsstufe 04,Regelklasse,2,56,27,29,0,0,0,1,1,0
10G30,Jahrgangsstufe 05,Regelklasse,2,55,32,23,0,0,0,0,0,0
10G30,Jahrgangsstufe 06,Regelklasse,2,44,23,21,0,0,0,0,0,0
10G30,Schulanfangsphase,Jahrgangsübergreifende Lerngruppe,5,120,65,55,0,0,0,2,0,2
10G31,Jahrgangsstufe 03,Regelklasse,3,68,30,38,0,0,0,0,0,0
10G31,Jahrgangsstufe 04,Regelklasse,2,47,26,21,0,0,0,0,0,0
10G31,Jahrgangsstufe 05,Regelklasse,2,44,29,15,0,0,0,0,0,0
10G31,Jahrgangsstufe 06,Regelklasse,2,44,27,17,0,0,0,0,0,0
10G31,Schulanfangsphase,Jahrgangsbezogene Lerngruppe,6,122,65,57,1,0,1,1,0,1
10G32,Jahrgangsstufe 03,Regelklasse,3,67,28,39,0,0,0,2,0,2
10G32,Jahrgangsstufe 04,Regelklasse,3,77,45,32,0,0,0,4,3,1
10G32,Jahrgangsstufe 05,Regelklasse,3,62,28,34,0,0,0,2,1,1
10G32,Jahrgangsstufe 06,Regelklasse,3,68,38,30,1,1,0,6,4,2
10G32,Schulanfangsphase,Jahrgangsbezogene Lerngruppe,6,147,77,70,0,0,0,6,2,4
10G33,Jahrgangsstufe 03,Regelklasse,2,50,33,17,0,0,0,3,3,0
10G33,Jahrgangsstufe 04,Regelklasse,2,50,25,25,0,0,0,2,2,0
10G33,Jahrgangsstufe 05,Regelklasse,3,66,31,35,0,0,0,5,1,4
10G33,Jahrgangsstufe 06,Regelklasse,2,47,24,23,0,0,0,2,2,0
10G33,Schulanfangsphase,Jahrgangsübergreifende Lerngruppe,6,145,72,73,0,0,0,9,4,5
10K01,1. Kurshalbjahr,Regelklasse (Kurshalbjahre),0,88,42,46,4,1,3,21,9,12
10K01,3. Kurshalbjahr,Regelklasse (Kurshalbjahre),0,59,33,26,6,3,3,16,10,6
10K01,E-Phase,Regelklasse,4,98,48,50,10,7,3,31,20,11
10K01,Jahrgangsstufe 07,Regelklasse,6,156,73,83,2,0,2,16,8,8
10K01,Jahrgangsstufe 08,Regelklasse,8,208,106,102,15,7,8,43,19,24
10K01,Jahrgangsstufe 09,Regelklasse,7,183,86,97,7,5,2,28,16,12
10K01,Jahrgangsstufe 10,Regelklasse,6,180,87,93,11,5,6,55,31,24
10K02,Jahrgangsstufe 07,Regelklasse,5,125,72,53,4,2,2,9,6,3
10K02,Jahrgangsstufe 08,Regelklasse,6,151,85,66,5,1,4,12,4,8
10K02,Jahrgangsstufe 09,Praxislerngruppe,1,16,9,7,0,0,0,1,1,0
10K02,Jahrgangsstufe 09,Regelklasse,6,135,82,53,9,7,2,20,15,5
10K02,Jahrgangsstufe 10,Regelklasse,3,70,35,35,4,1,3,7,3,4
10K03,Jahrgangsstufe 07,Regelklasse,3,69,35,34,3,1,2,5,2,3
10K03,Jahrgangsstufe 08,Regelklasse,4,87,51,36,13,6,7,24,14,10
10K03,Jahrgangsstufe 10,Praxisklasse,1,12,5,7,0,0,0,2,2,0
10K03,Jahrgangsstufe 10,Regelklasse,2,41,22,19,6,4,2,8,6,2
10K04,Jahrgangsstufe 07,Regelklasse,4,103,67,36,12,8,4,25,19,6
10K04,Jahrgangsstufe 08,Regelklasse,5,118,56,62,23,11,12,41,19,22
10K04,Jahrgangsstufe 09,Regelklasse,4,107,54,53,13,6,7,24,14,10
10K04,Jahrgangsstufe 10,Regelklasse,4,100,50,50,17,7,10,33,15,18
10K05,Jahrgangsstufe 07,Regelklasse,5,130,80,50,1,0,1,11,7,4
10K05,Jahrgangsstufe 08,Regelklasse,5,124,72,52,0,0,0,9,5,4
10K05,Jahrgangsstufe 09,Lerngruppen für Neuzugänge ohne Deutschkenntnisse,1,20,10,10,20,10,10,20,10,10
10K05,Jahrgangsstufe 09,Praxislerngruppe,2,28,20,8,0,0,0,1,0,1
10K05,Jahrgangsstufe 09,Regelklasse,3,59,27,32,2,1,1,5,1,4
10K05,Jahrgangsstufe 10,Produktives Lernen,1,11,6,5,0,0,0,1,1,0
10K05,Jahrgangsstufe 10,Regelklasse,3,56,30,26,1,0,1,5,1,4
10K06,Jahrgangsstufe 07,Regelklasse,4,79,67,12,0,0,0,0,0,0
10K06,Jahrgangsstufe 08,Regelklasse,4,101,71,30,0,0,0,2,1,1
10K06,Jahrgangsstufe 09,Regelklasse,4,99,53,46,1,1,0,2,0,2
10K06,Jahrgangsstufe 10,Regelklasse,3,77,48,29,0,0,0,1,0,1
10K07,Jahrgangsstufe 07,Regelklasse,4,104,35,69,0,0,0,19,7,12
10K07,Jahrgangsstufe 08,Regelklasse,4,104,34,70,0,0,0,12,2,10
10K07,Jahrgangsstufe 09,Regelklasse,4,104,46,58,0,0,0,4,1,3
10K07,Jahrgangsstufe 10,Regelklasse,3,89,38,51,0,0,0,0,0,0
10K08,Jahrgangsstufe 07,Regelklasse,5,102,54,48,1,1,0,22,13,9
10K08,Jahrgangsstufe 08,Regelklasse,5,99,53,46,4,3,1,16,11,5
10K08,Jahrgangsstufe 09,Praxislerngruppe,1,16,11,5,2,2,0,6,5,1
10K08,Jahrgangsstufe 09,Regelklasse,4,86,42,44,3,1,2,18,7,11
10K08,Jahrgangsstufe 10,Regelklasse,4,107,55,52,5,1,4,20,11,9
10K09,Jahrgangsstufe 07,Regelklasse,4,93,50,43,5,4,1,9,7,2
10K09,Jahrgangsstufe 08,Regelklasse,4,102,66,36,8,7,1,12,9,3
10K09,Jahrgangsstufe 09,Regelklasse,5,121,68,53,8,5,3,15,8,7
10K09,Jahrgangsstufe 10,Regelklasse,2,55,24,31,3,2,1,4,3,1
10K10,Jahrgangsstufe 03,Regelklasse,3,70,32,38,4,2,2,8,2,6
10K10,Jahrgangsstufe 04,Regelklasse,3,56,35,21,1,0,1,11,6,5
10K10,Jahrgangsstufe 05,Regelklasse,3,67,37,30,0,0,0,15,11,4
10K10,Jahrgangsstufe 06,Regelklasse,3,72,42,30,2,1,1,7,3,4
10K10,Jahrgangsstufe 07,Regelklasse,3,78,33,45,2,2,0,5,4,1
10K10,Jahrgangsstufe 08,Regelklasse,4,94,48,46,2,2,0,9,4,5
10K10,Jahrgangsstufe 09,Regelklasse,2,50,26,24,0,0,0,9,5,4
10K10,Jahrgangsstufe 10,Regelklasse,3,69,39,30,4,2,2,5,2,3
10K10,Schulanfangsphase,Jahrgangsbezogene Lerngruppe,1,23,9,14,1,0,1,2,1,1
10K10,Schulanfangsphase,Jahrgangsübergreifende Lerngruppe,8,193,87,106,10,5,5,28,14,14
10P05,Jahrgangsstufe 03,Regelklasse,3,53,28,25,0,0,0,0,0,0
10P05,Jahrgangsstufe 04,Regelklasse,3,60,28,32,0,0,0,0,0,0
10P05,Jahrgangsstufe 05,Regelklasse,3,48,26,22,0,0,0,0,0,0
10P05,Jahrgangsstufe 06,Regelklasse,3,47,24,23,0,0,0,0,0,0
10P05,Schulanfangsphase,Jahrgangsbezogene Lerngruppe,6,119,64,55,0,0,0,0,0,0
10P09,Jahrgangsstufe 03,Regelklasse,1,23,11,12,0,0,0,8,4,4
10P09,Jahrgangsstufe 04,Regelklasse,1,21,8,13,0,0,0,8,5,3
10P09,Jahrgangsstufe 05,Regelklasse,1,15,6,9,0,0,0,3,2,1
10P09,Jahrgangsstufe 06,Regelklasse,1,13,5,8,0,0,0,2,1,1
10P09,Schulanfangsphase,Jahrgangsbezogene Lerngruppe,3,66,31,35,2,1,1,20,8,12
10P10,Jahrgangsstufe 03,Regelklasse,1,20,10,10,5,2,3,18,9,9
10P10,Jahrgangsstufe 04,Regelklasse,1,18,6,12,3,2,1,17,6,11
10P10,Jahrgangsstufe 05,Regelklasse,1,6,2,4,1,0,1,5,1,4
10P10,Jahrgangsstufe 06,Regelklasse,1,7,3,4,4,1,3,7,3,4
10P10,Schulanfangsphase,Jahrgangsbezogene Lerngruppe,3,52,27,25,9,4,5,39,20,19
10P12,Jahrgangsstufe 03,Regelklasse,1,14,7,7,0,0,0,1,1,0
10P12,Jahrgangsstufe 04,Regelklasse,1,7,4,3,0,0,0,0,0,0
10P12,Jahrgangsstufe 05,Regelklasse,1,10,3,7,0,0,0,0,0,0
10P12,Jahrgangsstufe 06,Regelklasse,1,15,8,7,0,0,0,0,0,0
10P12,Jahrgangsstufe 07,Regelklasse,1,16,8,8,0,0,0,0,0,0
10P12,Schulanfangsphase,Jahrgangsbezogene Lerngruppe,2,24,12,12,0,0,0,1,1,0
10P13,Jahrgangsstufe 03,Regelklasse,3,51,32,19,0,0,0,3,2,1
10P13,Jahrgangsstufe 04,Regelklasse,3,56,31,25,0,0,0,0,0,0
10P13,Jahrgangsstufe 05,Regelklasse,2,21,9,12,0,0,0,0,0,0
10P13,Jahrgangsstufe 06,Regelklasse,1,14,10,4,0,0,0,0,0,0
10P13,Schulanfangsphase,Jahrgangsbezogene Lerngruppe,5,90,60,30,1,1,0,1,1,0
10P14,Schulanfangsphase,Jahrgangsbezogene Lerngruppe,1,6,3,3,0,0,0,0,0,0
10S04,Abschlussstufe,Regelklasse,3,24,15,9,0,0,0,2,1,1
10S04,Eingangsstufe,Regelklasse,4,25,12,13,2,0,2,2,1,1
10S04,Mittelstufe,Regelklasse,2,13,6,7,1,0,1,1,1,0
10S04,Oberstufe,Regelklasse,3,21,9,12,0,0,0,0,0,0
10S04,Unterstufe,Regelklasse,7,45,33,12,2,2,0,0,0,0
10S07,Jahrgangsstufe 03,Regelklasse,1,13,7,6,1,1,0,1,1,0
10S07,Jahrgangsstufe 04,Regelklasse,1,14,5,9,0,0,0,0,0,0
10S07,Jahrgangsstufe 05,Regelklasse,1,13,9,4,0,0,0,0,0,0
10S07,Jahrgangsstufe 06,Regelklasse,1,12,5,7,0,0,0,0,0,0
10S07,Jahrgangsstufe 07,Regelklasse,3,34,12,22,0,0,0,1,1,0
10S07,Jahrgangsstufe 08,Regelklasse,4,43,25,18,0,0,0,2,1,1
10S07,Jahrgangsstufe 09,Regelklasse,5,52,34,18,0,0,0,0,0,0
10S07,Jahrgangsstufe 10,Regelklasse,5,54,33,21,0,0,0,0,0,0
10S08,Abschlussstufe,Regelklasse,2,18,7,11,0,0,0,4,2,2
10S08,Eingangsstufe,Regelklasse,5,32,12,20,0,0,0,1,1,0
10S08,Mittelstufe,Regelklasse,4,30,20,10,0,0,0,3,2,1
10S08,Oberstufe,Regelklasse,3,24,12,12,0,0,0,0,0,0
10S08,Unterstufe,Regelklasse,5,33,16,17,0,0,0,5,2,3
10S10,Jahrgangsstufe 05,Jahrgangsübergreifende Lerngruppe,1,12,8,4,0,0,0,0,0,0
10S10,Jahrgangsstufe 06,Regelklasse,2,20,10,10,0,0,0,0,0,0
10S10,Jahrgangsstufe 07,Regelklasse,3,37,20,17,0,0,0,0,0,0
10S10,Jahrgangsstufe 08,Regelklasse,4,49,34,15,1,1,0,3,3,0
10S10,Jahrgangsstufe 09,Regelklasse,5,57,31,26,2,1,1,3,2,1
10S10,Jahrgangsstufe 10,Regelklasse,3,38,24,14,0,0,0,4,3,1
10S10,Schulanfangsphase,Jahrgangsbezogene Lerngruppe,2,31,18,13,4,3,1,13,8,5
10S11,Jahrgangsstufe 03,Regelklasse,3,40,30,10,1,1,0,1,1,0
10S11,Jahrgangsstufe 04,Regelklasse,3,41,26,15,0,0,0,0,0,0
10S11,Jahrgangsstufe 05,Regelklasse,1,10,7,3,0,0,0,0,0,0
10S11,Jahrgangsstufe 06,Regelklasse,2,25,19,6,0,0,0,0,0,0
10S11,Jahrgangsstufe 10,Regelklasse,1,6,4,2,0,0,0,0,0,0
10S11,Schulanfangsphase,Jahrgangsbezogene Lerngruppe,8,93,62,31,0,0,0,0,0,0
10S11,Schulanfangsphase,Jahrgangsübergreifende Lerngruppe,2,23,13,10,0,0,0,0,0,0
10Y01,1. Kurshalbjahr,Regelklasse (Kurshalbjahre),0,131,51,80,7,2,5,17,7,10
10Y01,3. Kurshalbjahr,Regelklasse (Kurshalbjahre),0,105,36,69,7,3,4,19,5,14
10Y01,Jahrgangsstufe 07,Regelklasse,5,129,31,98,1,0,1,17,6,11
10Y01,Jahrgangsstufe 08,Regelklasse,6,153,32,121,11,1,10,21,4,17
10Y01,Jahrgangsstufe 09,Regelklasse,5,127,44,83,4,2,2,18,7,11
10Y01,Jahrgangsstufe 10,Regelklasse,5,129,42,87,5,0,5,28,10,18
10Y02,1. Kurshalbjahr,Regelklasse (Kurshalbjahre),0,97,49,48,1,1,0,6,5,1
10Y02,3. Kurshalbjahr,Regelklasse (Kurshalbjahre),0,85,46,39,2,1,1,4,2,2
10Y02,Jahrgangsstufe 05,"Klasse ""achtjähriges Gymnasium""",3,96,48,48,0,0,0,3,1,2
10Y02,Jahrgangsstufe 06,"Klasse ""achtjähriges Gymnasium""",3,96,43,53,1,1,0,8,5,3
10Y02,Jahrgangsstufe 07,"Klasse ""achtjähriges Gymnasium""",2,63,30,33,4,3,1,7,5,2
10Y02,Jahrgangsstufe 07,Regelklasse,1,32,14,18,0,0,0,0,0,0
10Y02,Jahrgangsstufe 08,Regelklasse,3,89,41,48,4,2,2,11,4,7
10Y02,Jahrgangsstufe 09,"Klasse ""achtjähriges Gymnasium""",2,60,29,31,0,0,0,5,0,5
10Y02,Jahrgangsstufe 09,Regelklasse,1,32,11,21,0,0,0,2,0,2
10Y02,Jahrgangsstufe 10,"Klasse ""achtjähriges Gymnasium""",2,53,24,29,2,0,2,4,1,3
10Y02,Jahrgangsstufe 10,Regelklasse,1,31,10,21,0,0,0,0,0,0
10Y03,1. Kurshalbjahr,Regelklasse (Kurshalbjahre),0,113,63,50,10,5,5,38,21,17
10Y03,3. Kurshalbjahr,Regelklasse (Kurshalbjahre),0,114,56,58,9,7,2,32,22,10
10Y03,Jahrgangsstufe 07,Regelklasse,4,121,76,45,6,5,1,29,20,9
10Y03,Jahrgangsstufe 08,Regelklasse,5,153,89,64,17,9,8,39,23,16
10Y03,Jahrgangsstufe 09,Regelklasse,5,146,78,68,9,6,3,38,25,13
10Y03,Jahrgangsstufe 10,Regelklasse,4,123,68,55,12,8,4,30,16,14
10Y08,1. Kurshalbjahr,Regelklasse (Kurshalbjahre),0,81,28,53,3,0,3,11,4,7
10Y08,3. Kurshalbjahr,Regelklasse (Kurshalbjahre),0,70,42,28,2,2,0,4,2,2
10Y08,Jahrgangsstufe 07,Regelklasse,4,108,31,77,4,0,4,22,6,16
10Y08,Jahrgangsstufe 08,Regelklasse,5,143,44,99,1,0,1,24,6,18
10Y08,Jahrgangsstufe 09,Regelklasse,3,89,32,57,2,0,2,9,1,8
10Y08,Jahrgangsstufe 10,Regelklasse,3,87,25,62,2,0,2,11,4,7
10Y11,1. Kurshalbjahr,Regelklasse (Kurshalbjahre),0,108,47,61,4,3,1,3,2,1
10Y11,3. Kurshalbjahr,Regelklasse (Kurshalbjahre),0,94,44,50,0,0,0,1,0,1
10Y11,Jahrgangsstufe 05,Regelklasse,1,29,8,21,0,0,0,0,0,0
10Y11,Jahrgangsstufe 06,Regelklasse,1,29,9,20,0,0,0,0,0,0
10Y11,Jahrgangsstufe 07,Regelklasse,4,104,50,54,1,1,0,1,1,0
10Y11,Jahrgangsstufe 08,Regelklasse,3,75,31,44,0,0,0,1,1,0
10Y11,Jahrgangsstufe 09,Regelklasse,4,115,63,52,1,1,0,3,1,2
10Y11,Jahrgangsstufe 10,"Klasse ""achtjähriges Gymnasium""",1,22,11,11,2,0,2,2,0,2
10Y11,Jahrgangsstufe 10,Regelklasse,3,84,43,41,1,1,0,1,1,0
11A07,1. Kurshalbjahr,Regelklasse (Kurshalbjahre),0,74,46,28,4,4,0,0,0,0
11A07,1. Kurshalbjahr,Regelklasse (Kurshalbjahre),0,54,34,20,4,1,3,4,1,3
11A07,2. Kurshalbjahr,Regelklasse (Kurshalbjahre),0,53,33,20,0,0,0,0,0,0
11A07,2. Kurshalbjahr,Regelklasse (Kurshalbjahre),0,38,25,13,0,0,0,0,0,0
11A07,3. Kurshalbjahr,Regelklasse (Kurshalbjahre),0,34,26,8,0,0,0,0,0,0
11A07,3. Kurshalbjahr,Regelklasse (Kurshalbjahre),0,49,27,22,0,0,0,0,0,0
11A07,Jahrgangsstufe 03,Regelklasse,1,20,10,10,2,1,1,10,7,3
11A07,Jahrgangsstufe 04,Regelklasse,1,19,5,14,1,0,1,5,0,5
11A07,Jahrgangsstufe 05,Regelklasse,1,11,4,7,1,1,0,3,1,2
11A07,Jahrgangsstufe 05,Regelklasse,2,35,10,25,3,1,2,6,1,5
11A07,Jahrgangsstufe 06,Regelklasse,1,22,10,12,0,0,0,1,1,0
11A07,Jahrgangsstufe 06,Regelklasse,2,36,14,22,2,0,2,2,0,2
11A07,Jahrgangsstufe 07,Regelklasse,5,96,70,26,0,0,0,5,5,0
11A07,Jahrgangsstufe 07,Regelklasse,4,59,32,27,3,2,1,3,0,3
11A07,Jahrgangsstufe 08,Regelklasse,5,102,76,26,4,4,0,12,11,1
11A07,Jahrgangsstufe 08,Regelklasse,5,87,41,46,0,0,0,1,0,1
11A07,Jahrgangsstufe 09,Regelklasse,4,57,32,25,0,0,0,0,0,0
11A07,Jahrgangsstufe 09,Regelklasse,6,78,57,21,5,5,0,9,9,0
11A07,Jahrgangsstufe 10,Regelklasse,5,88,50,38,0,0,0,0,0,0
11A07,Jahrgangsstufe 10,Regelklasse,5,73,53,20,2,2,0,5,3,2
11A07,Schulanfangsphase,Jahrgangsbezogene Lerngruppe,2,24,8,16,2,2,0,6,5,1
11G01,Jahrgangsstufe 03,Regelklasse,3,78,42,36,7,5,2,23,13,10
11G01,Jahrgangsstufe 04,Regelklasse,3,70,33,37,8,1,7,31,12,19
11G01,Jahrgangsstufe 05,Regelklasse,3,68,35,33,9,4,5,26,13,13
11G01,Jahrgangsstufe 06,Regelklasse,2,48,24,24,6,2,4,22,12,10
11G01,Schulanfangsphase,Jahrgangsbezogene Lerngruppe,7,168,88,80,18,13,5,63,39,24
11G02,Jahrgangsstufe 03,Regelklasse,2,54,24,30,9,0,9,28,11,17
11G02,Jahrgangsstufe 04,Regelklasse,2,47,23,24,15,4,11,20,10,10
11G02,Jahrgangsstufe 05,Regelklasse,2,41,20,21,10,6,4,12,8,4
11G02,Jahrgangsstufe 06,Regelklasse,3,61,30,31,26,15,11,27,15,12
11G02,Schulanfangsphase,Jahrgangsbezogene Lerngruppe,2,40,22,18,6,4,2,11,4,7
11G02,Schulanfangsphase,Jahrgangsübergreifende Lerngruppe,6,132,65,67,35,11,24,73,32,41
11G03,Jahrgangsstufe 03,Regelklasse,3,68,32,36,4,3,1,16,10,6
11G03,Jahrgangsstufe 04,Regelklasse,2,47,22,25,6,3,3,12,5,7
11G03,Jahrgangsstufe 05,Regelklasse,2,41,23,18,7,3,4,11,6,5
11G03,Jahrgangsstufe 06,Regelklasse,2,41,17,24,3,1,2,5,4,1
11G03,Schulanfangsphase,Jahrgangsbezogene Lerngruppe,7,154,71,83,11,5,6,34,19,15
11G05,Jahrgangsstufe 03,Jahrgangsübergreifende Lerngruppe,7,181,86,95,5,3,2,32,15,17
11G05,Jahrgangsstufe 04,Regelklasse,2,41,23,18,4,2,2,12,7,5
11G05,Jahrgangsstufe 05,Jahrgangsübergreifende Lerngruppe,1,18,9,9,0,0,0,3,2,1
11G05,Jahrgangsstufe 05,Regelklasse,2,38,14,24,0,0,0,8,3,5
11G05,Jahrgangsstufe 06,Jahrgangsübergreifende Lerngruppe,2,41,21,20,0,0,0,0,0,0
11G05,Jahrgangsstufe 06,Regelklasse,1,21,15,6,2,2,0,5,5,0
11G05,Schulanfangsphase,Jahrgangsübergreifende Lerngruppe,1,26,9,17,4,1,3,10,4,6
11G06,Jahrgangsstufe 03,Jahrgangsübergreifende Lerngruppe,5,113,52,61,19,8,11,44,24,20
11G06,Jahrgangsstufe 03,Sonderpädagogische Kleinklasse,1,6,6,0,0,0,0,2,2,0
11G06,Jahrgangsstufe 04,Regelklasse,1,26,13,13,6,3,3,11,5,6
11G06,Jahrgangsstufe 04,Sonderpädagogische Kleinklasse,1,8,8,0,0,0,0,0,0,0
11G06,Jahrgangsstufe 05,Regelklasse,2,35,14,21,8,5,3,14,8,6
11G06,Jahrgangsstufe 05,Sonderpädagogische Kleinklasse,1,10,10,0,0,0,0,0,0,0
11G06,Jahrgangsstufe 06,Regelklasse,1,21,17,4,1,0,1,7,5,2
11G06,Jahrgangsstufe 06,Sonderpädagogische Kleinklasse,2,10,9,1,1,1,0,2,2,0
11G06,Schulanfangsphase,Jahrgangsbezogene Lerngruppe,1,13,11,2,2,2,0,4,2,2
11G06,Schulanfangsphase,Sonderpädagogische Kleinklasse,2,7,7,0,0,0,0,0,0,0
11G07,Jahrgangsstufe 03,Regelklasse,2,36,17,19,9,4,5,16,7,9
11G07,Jahrgangsstufe 04,Regelklasse,2,47,23,24,6,4,2,23,12,11
11G07,Jahrgangsstufe 05,Regelklasse,2,37,22,15,9,6,3,22,12,10
11G07,Jahrgangsstufe 06,Regelklasse,2,33,14,19,3,2,1,9,4,5
11G07,Schulanfangsphase,Jahrgangsbezogene Lerngruppe,1,12,6,6,4,2,2,5,2,3
11G07,Schulanfangsphase,Jahrgangsübergreifende Lerngruppe,5,99,49,50,18,9,9,54,25,29
11G08,Jahrgangsstufe 03,Regelklasse,3,60,24,36,21,12,9,21,12,9
11G08,Jahrgangsstufe 04,Regelklasse,3,59,30,29,14,11,3,14,11,3
11G08,Jahrgangsstufe 05,Regelklasse,2,45,24,21,15,7,8,15,7,8
11G08,Jahrgangsstufe 06,Regelklasse,2,49,25,24,11,4,7,11,4,7
11G08,Schulanfangsphase,Jahrgangsbezogene Lerngruppe,4,82,43,39,14,9,5,14,9,5
11G08,Schulanfangsphase,Jahrgangsübergreifende Lerngruppe,2,41,19,22,3,3,0,3,3,0
11G09,Jahrgangsstufe 03,Regelklasse,2,46,25,21,2,0,2,14,6,8
11G09,Jahrgangsstufe 04,Regelklasse,3,64,38,26,10,8,2,22,15,7
11G09,Jahrgangsstufe 05,Regelklasse,2,46,25,21,8,3,5,17,9,8
11G09,Jahrgangsstufe 06,Regelklasse,3,70,30,40,16,4,12,27,10,17
11G09,Schulanfangsphase,Jahrgangsbezogene Lerngruppe,1,22,12,10,5,1,4,12,4,8
11G09,Schulanfangsphase,Jahrgangsübergreifende Lerngruppe,6,139,70,69,28,16,12,58,29,29
11G10,Jahrgangsstufe 03,Regelklasse,2,51,26,25,4,0,4,12,4,8
11G10,Jahrgangsstufe 04,Regelklasse,3,63,35,28,6,3,3,26,15,11
11G10,Jahrgangsstufe 05,Regelklasse,2,45,25,20,10,6,4,17,9,8
11G10,Jahrgangsstufe 06,Regelklasse,2,47,17,30,4,4,0,19,7,12
11G10,Schulanfangsphase,Jahrgangsbezogene Lerngruppe,1,21,8,13,0,0,0,8,4,4
11G10,Schulanfangsphase,Jahrgangsübergreifende Lerngruppe,6,133,61,72,16,6,10,48,17,31
11G11,Jahrgangsstufe 04,Jahrgangsübergreifende Lerngruppe,6,143,63,80,20,12,8,58,23,35
11G11,Jahrgangsstufe 05,Regelklasse,3,70,35,35,9,7,2,32,16,16
11G11,Jahrgangsstufe 06,Regelklasse,3,62,33,29,10,7,3,28,16,12
11G11,Schulanfangsphase,Jahrgangsübergreifende Lerngruppe,8,192,110,82,44,24,20,84,46,38
11G12,Jahrgangsstufe 03,Klasse der Staatlichen Europaschule,2,38,14,24,10,6,4,28,11,17
11G12,Jahrgangsstufe 03,Regelklasse,2,43,21,22,0,0,0,0,0,0
11G12,Jahrgangsstufe 04,Klasse der Staatlichen Europaschule,2,45,25,20,11,8,3,28,16,12
11G12,Jahrgangsstufe 04,Regelklasse,1,18,9,9,0,0,0,0,0,0
11G12,Jahrgangsstufe 05,Klasse der Staatlichen Europaschule,2,33,17,16,6,4,2,32,16,16
11G12,Jahrgangsstufe 05,Regelklasse,1,15,5,10,0,0,0,0,0,0
11G12,Jahrgangsstufe 06,Klasse der Staatlichen Europaschule,2,33,14,19,7,1,6,32,13,19
11G12,Jahrgangsstufe 06,Regelklasse,1,20,8,12,1,0,1,2,1,1
11G12,Schulanfangsphase,Jahrgangsbezogene Lerngruppe,4,73,43,30,2,2,0,8,6,2
11G12,Schulanfangsphase,Klasse der Staatlichen Europaschule,4,92,51,41,10,5,5,52,30,22
11G13,Jahrgangsstufe 03,Regelklasse,3,69,43,26,0,0,0,4,4,0
11G13,Jahrgangsstufe 04,Regelklasse,3,70,41,29,0,0,0,0,0,0
11G13,Jahrgangsstufe 05,Regelklasse,2,48,22,26,0,0,0,1,0,1
11G13,Jahrgangsstufe 06,Regelklasse,2,44,21,23,1,1,0,1,1,0
11G13,Schulanfangsphase,Jahrgangsübergreifende Lerngruppe,7,168,75,93,4,1,3,8,3,5
11G14,Jahrgangsstufe 03,Regelklasse,3,58,26,32,2,0,2,3,0,3
11G14,Jahrgangsstufe 04,Regelklasse,3,58,28,30,1,1,0,3,2,1
11G14,Jahrgangsstufe 05,Regelklasse,3,67,26,41,0,0,0,1,1,0
11G14,Jahrgangsstufe 06,Regelklasse,2,50,29,21,1,1,0,1,1,0
11G14,Schulanfangsphase,Jahrgangsübergreifende Lerngruppe,6,156,81,75,5,2,3,4,2,2
11G15,Jahrgangsstufe 03,Regelklasse,2,32,11,21,7,3,4,14,5,9
11G15,Jahrgangsstufe 04,Regelklasse,2,30,18,12,3,0,3,10,5,5
11G15,Jahrgangsstufe 05,Regelklasse,1,26,13,13,6,4,2,15,8,7
11G15,Jahrgangsstufe 06,Regelklasse,1,23,10,13,13,7,6,16,7,9
11G15,Schulanfangsphase,Jahrgangsübergreifende Lerngruppe,4,85,35,50,12,6,6,39,19,20
11G16,Jahrgangsstufe 03,Regelklasse,3,55,25,30,3,0,3,6,4,2
11G16,Jahrgangsstufe 04,Regelklasse,2,36,23,13,4,1,3,2,1,1
11G16,Jahrgangsstufe 05,Regelklasse,2,39,17,22,5,0,5,12,4,8
11G16,Jahrgangsstufe 06,Regelklasse,1,20,11,9,0,0,0,0,0,0
11G16,Schulanfangsphase,Jahrgangsbezogene Lerngruppe,6,95,55,40,1,0,1,16,8,8
11G17,Jahrgangsstufe 03,Regelklasse,3,70,36,34,19,11,8,27,14,13
11G17,Jahrgangsstufe 04,Regelklasse,3,82,38,44,17,10,7,29,18,11
11G17,Jahrgangsstufe 05,Regelklasse,3,64,34,30,5,3,2,19,12,7
11G17,Jahrgangsstufe 06,Regelklasse,2,50,25,25,7,4,3,13,7,6
11G17,Schulanfangsphase,Jahrgangsbezogene Lerngruppe,2,47,29,18,17,9,8,25,15,10
11G17,Schulanfangsphase,Jahrgangsübergreifende Lerngruppe,6,137,75,62,35,15,20,59,29,30
11G18,Jahrgangsstufe 03,Regelklasse,3,66,29,37,6,2,4,18,5,13
11G18,Jahrgangsstufe 04,Regelklasse,2,58,29,29,7,4,3,20,11,9
11G18,Jahrgangsstufe 05,Regelklasse,2,50,27,23,6,2,4,13,4,9
11G18,Jahrgangsstufe 06,Regelklasse,2,50,26,24,7,2,5,17,6,11
11G18,Schulanfangsphase,Jahrgangsübergreifende Lerngruppe,6,145,65,80,22,13,9,76,42,34
11G19,Jahrgangsstufe 03,Regelklasse,3,62,28,34,0,0,0,3,2,1
11G19,Jahrgangsstufe 04,Regelklasse,2,54,29,25,0,0,0,1,0,1
11G19,Jahrgangsstufe 05,Regelklasse,2,56,19,37,0,0,0,2,0,2
11G19,Jahrgangsstufe 06,Regelklasse,2,49,28,21,2,0,2,2,0,2
11G19,Schulanfangsphase,Jahrgangsübergreifende Lerngruppe,5,128,70,58,2,1,1,6,3,3
11G21,Jahrgangsstufe 03,Regelklasse,3,69,31,38,8,2,6,22,8,14
11G21,Jahrgangsstufe 04,Regelklasse,2,49,30,19,3,2,1,12,8,4
11G21,Jahrgangsstufe 05,Regelklasse,3,58,33,25,2,1,1,6,4,2
11G21,Jahrgangsstufe 06,Regelklasse,2,42,24,18,7,4,3,12,7,5
11G21,Schulanfangsphase,Jahrgangsbezogene Lerngruppe,6,140,74,66,12,5,7,35,17,18
11G22,Jahrgangsstufe 03,Regelklasse,3,72,37,35,0,0,0,13,3,10
11G22,Jahrgangsstufe 04,Regelklasse,3,73,40,33,0,0,0,10,5,5
11G22,Jahrgangsstufe 05,Regelklasse,2,49,25,24,0,0,0,8,5,3
11G22,Jahrgangsstufe 06,Regelklasse,2,49,27,22,0,0,0,10,4,6
11G22,Schulanfangsphase,Jahrgangsübergreifende Lerngruppe,7,169,89,80,4,3,1,38,26,12
11G23,Jahrgangsstufe 03,Regelklasse,4,83,47,36,3,3,0,10,4,6
11G23,Jahrgangsstufe 04,Regelklasse,3,75,43,32,0,0,0,4,2,2
11G23,Jahrgangsstufe 05,Regelklasse,2,36,26,10,0,0,0,4,2,2
11G23,Jahrgangsstufe 06,Regelklasse,3,56,32,24,2,1,1,4,2,2
11G23,Schulanfangsphase,Jahrgangsbezogene Lerngruppe,2,42,24,18,0,0,0,11,7,4
11G23,Schulanfangsphase,Jahrgangsübergreifende Lerngruppe,4,102,53,49,5,3,2,19,12,7
11G25,Jahrgangsstufe 03,Regelklasse,3,61,29,32,4,1,3,28,14,14
11G25,Jahrgangsstufe 04,Regelklasse,3,68,25,43,4,1,3,24,7,17
11G25,Jahrgangsstufe 05,Regelklasse,3,58,30,28,4,3,1,23,14,9
11G25,Jahrgangsstufe 06,Regelklasse,2,40,15,25,5,3,2,9,5,4
11G25,Schulanfangsphase,Jahrgangsübergreifende Lerngruppe,8,186,89,97,12,7,5,66,33,33
11G26,Jahrgangsstufe 03,Regelklasse,2,56,29,27,3,2,1,17,9,8
11G26,Jahrgangsstufe 04,Regelklasse,2,52,30,22,1,0,1,13,9,4
11G26,Jahrgangsstufe 05,Regelklasse,2,43,23,20,0,0,0,18,8,10
11G26,Jahrgangsstufe 06,Regelklasse,2,42,13,29,1,0,1,17,6,11
11G26,Schulanfangsphase,Jahrgangsübergreifende Lerngruppe,6,136,74,62,8,5,3,41,23,18
11G28,Jahrgangsstufe 03,Regelklasse,3,80,30,50,28,8,20,37,11,26
11G28,Jahrgangsstufe 04,Regelklasse,3,70,33,37,14,7,7,24,11,13
11G28,Jahrgangsstufe 05,Regelklasse,2,54,28,26,14,7,7,22,12,10
11G28,Jahrgangsstufe 06,Regelklasse,3,61,26,35,11,6,5,26,12,14
11G28,Schulanfangsphase,Jahrgangsübergreifende Lerngruppe,8,172,88,84,25,12,13,47,24,23
11G29,Jahrgangsstufe 03,Regelklasse,5,116,55,61,3,0,3,22,11,11
11G29,Jahrgangsstufe 04,Regelklasse,4,99,37,62,1,0,1,13,5,8
11G29,Jahrgangsstufe 05,Regelklasse,4,95,47,48,5,4,1,12,8,4
11G29,Jahrgangsstufe 06,Regelklasse,4,84,48,36,2,1,1,13,9,4
11G29,Schulanfangsphase,Jahrgangsbezogene Lerngruppe,9,213,104,109,11,5,6,34,17,17
11K01,Jahrgangsstufe 07,Regelklasse,4,104,51,53,9,6,3,31,19,12
11K01,Jahrgangsstufe 08,Regelklasse,4,104,54,50,7,2,5,21,10,11
11K01,Jahrgangsstufe 09,Regelklasse,4,108,51,57,15,9,6,24,14,10
11K01,Jahrgangsstufe 10,Regelklasse,4,113,47,66,15,6,9,29,14,15
11K02,1. Kurshalbjahr,Regelklasse (Kurshalbjahre),0,75,34,41,15,5,10,32,14,18
11K02,3. Kurshalbjahr,Regelklasse (Kurshalbjahre),0,65,25,40,14,5,9,37,16,21
11K02,E-Phase,Klasse der Staatlichen Europaschule,1,25,10,15,9,2,7,20,8,12
11K02,E-Phase,Regelklasse,2,56,20,36,13,5,8,20,9,11
11K02,Jahrgangsstufe 07,Klasse der Staatlichen Europaschule,1,17,9,8,3,1,2,14,7,7
11K02,Jahrgangsstufe 07,Regelklasse,4,105,62,43,15,12,3,33,18,15
11K02,Jahrgangsstufe 08,Klasse der Staatlichen Europaschule,1,25,10,15,8,2,6,17,7,10
11K02,Jahrgangsstufe 08,Regelklasse,5,130,65,65,18,11,7,52,24,28
11K02,Jahrgangsstufe 09,Klasse der Staatlichen Europaschule,1,28,14,14,7,3,4,24,12,12
11K02,Jahrgangsstufe 09,Regelklasse,4,109,57,52,20,11,9,46,26,20
11K02,Jahrgangsstufe 10,Klasse der Staatlichen Europaschule,1,29,15,14,10,6,4,26,14,12
11K02,Jahrgangsstufe 10,Regelklasse,4,113,67,46,23,16,7,50,26,24
11K04,1. Kurshalbjahr,Regelklasse (Kurshalbjahre),0,74,36,38,12,5,7,24,13,11
11K04,3. Kurshalbjahr,Regelklasse (Kurshalbjahre),0,62,26,36,7,3,4,11,4,7
11K04,E-Phase,Regelklasse,4,103,65,38,8,6,2,23,15,8
11K04,Jahrgangsstufe 07,Regelklasse,6,156,76,80,6,4,2,14,10,4
11K04,Jahrgangsstufe 08,Regelklasse,6,155,81,74,8,5,3,14,9,5
11K04,Jahrgangsstufe 09,Regelklasse,6,157,75,82,15,8,7,31,15,16
11K04,Jahrgangsstufe 10,Regelklasse,5,154,78,76,15,4,11,30,14,16
11K05,1. Kurshalbjahr,Regelklasse (Kurshalbjahre),0,75,28,47,14,6,8,21,10,11
11K05,3. Kurshalbjahr,Regelklasse (Kurshalbjahre),0,55,22,33,7,3,4,21,9,12
11K05,E-Phase,Regelklasse,2,47,24,23,6,2,4,15,5,10
11K05,Jahrgangsstufe 07,Regelklasse,5,121,56,65,16,10,6,15,9,6
11K05,Jahrgangsstufe 08,Lerngruppen für Neuzugänge ohne Deutschkenntnisse,3,26,17,9,26,17,9,26,17,9
11K05,Jahrgangsstufe 08,Regelklasse,5,131,54,77,13,9,4,17,9,8
11K05,Jahrgangsstufe 09,Regelklasse,5,135,75,60,23,14,9,28,16,12
11K05,Jahrgangsstufe 10,Regelklasse,5,148,64,84,10,6,4,27,15,12
11K06,Jahrgangsstufe 07,Regelklasse,3,69,41,28,9,5,4,18,12,6
11K06,Jahrgangsstufe 08,Regelklasse,4,92,48,44,14,7,7,28,17,11
11K06,Jahrgangsstufe 09,Regelklasse,3,70,42,28,9,6,3,25,17,8
11K06,Jahrgangsstufe 10,Regelklasse,2,39,28,11,9,6,3,15,11,4
11K07,Jahrgangsstufe 07,Regelklasse,4,91,41,50,7,3,4,6,2,4
11K07,Jahrgangsstufe 08,Regelklasse,5,118,65,53,15,10,5,17,12,5
11K07,Jahrgangsstufe 09,Regelklasse,4,116,63,53,7,3,4,17,8,9
11K07,Jahrgangsstufe 10,Regelklasse,3,77,34,43,10,4,6,16,8,8
11K08,Jahrgangsstufe 07,Regelklasse,4,93,53,40,12,9,3,24,19,5
11K08,Jahrgangsstufe 08,Regelklasse,5,116,73,43,14,11,3,22,15,7
11K08,Jahrgangsstufe 09,Praxislerngruppe,1,15,7,8,1,0,1,4,1,3
11K08,Jahrgangsstufe 09,Regelklasse,4,99,48,51,5,2,3,15,8,7
11K08,Jahrgangsstufe 10,Regelklasse,5,121,68,53,12,7,5,21,10,11
11K09,Jahrgangsstufe 07,Regelklasse,4,103,66,37,9,8,1,13,12,1
11K09,Jahrgangsstufe 08,Regelklasse,4,103,62,41,3,3,0,14,10,4
11K09,Jahrgangsstufe 09,Praxislerngruppe,1,15,7,8,3,0,3,5,2,3
11K09,Jahrgangsstufe 09,Regelklasse,3,90,57,33,5,5,0,10,7,3
11K09,Jahrgangsstufe 10,Regelklasse,3,79,41,38,3,2,1,13,8,5
11K10,Jahrgangsstufe 03,Jahrgangsübergreifende Lerngruppe,12,286,153,133,1,0,1,17,6,11
11K10,Jahrgangsstufe 04,Regelklasse,3,78,49,29,1,1,0,6,5,1
11K10,Jahrgangsstufe 05,Regelklasse,3,80,53,27,1,0,1,9,8,1
11K10,Jahrgangsstufe 06,Regelklasse,3,85,37,48,4,2,2,9,4,5
11K10,Jahrgangsstufe 07,Regelklasse,5,129,81,48,0,0,0,15,11,4
11K10,Jahrgangsstufe 08,Regelklasse,4,106,59,47,1,0,1,10,4,6
11K10,Jahrgangsstufe 09,Lerngruppen für Neuzugänge ohne Deutschkenntnisse,3,46,26,20,46,26,20,46,26,20
11K11,Jahrgangsstufe 07,Regelklasse,3,68,38,30,0,0,0,16,9,7
11K11,Jahrgangsstufe 08,Regelklasse,4,87,55,32,2,0,2,33,18,15
11K11,Jahrgangsstufe 09,Lerngruppen für Neuzugänge ohne Deutschkenntnisse,2,21,13,8,21,13,8,21,13,8
11K11,Jahrgangsstufe 09,Produktives Lernen,2,34,19,15,0,0,0,3,2,1
11K11,Jahrgangsstufe 10,Produktives Lernen,1,15,9,6,0,0,0,2,1,1
11K11,Jahrgangsstufe 10,Regelklasse,4,79,46,33,2,2,0,19,12,7
11P01,Jahrgangsstufe 03,Regelklasse,1,26,12,14,0,0,0,2,0,2
11P01,Jahrgangsstufe 04,Regelklasse,1,29,14,15,2,1,1,4,1,3
11P01,Jahrgangsstufe 05,Regelklasse,1,26,13,13,5,2,3,4,1,3
11P01,Jahrgangsstufe 06,Regelklasse,1,28,12,16,1,0,1,1,0,1
11P01,Schulanfangsphase,Jahrgangsbezogene Lerngruppe,2,57,30,27,0,0,0,2,2,0
11P03,Jahrgangsstufe 03,Regelklasse,2,45,17,28,0,0,0,0,0,0
11P03,Jahrgangsstufe 04,Regelklasse,2,45,22,23,0,0,0,1,1,0
11P03,Jahrgangsstufe 05,Regelklasse,2,40,18,22,0,0,0,0,0,0
11P03,Jahrgangsstufe 06,Regelklasse,2,42,21,21,0,0,0,0,0,0
11P03,Schulanfangsphase,Jahrgangsbezogene Lerngruppe,4,95,46,49,0,0,0,0,0,0
11P04,Jahrgangsstufe 03,Regelklasse,2,36,26,10,0,0,0,0,0,0
11P04,Jahrgangsstufe 04,Regelklasse,2,40,16,24,0,0,0,0,0,0
11P04,Jahrgangsstufe 05,Regelklasse,2,41,22,19,0,0,0,0,0,0
11P04,Jahrgangsstufe 06,Regelklasse,3,46,24,22,0,0,0,0,0,0
11P04,Schulanfangsphase,Jahrgangsbezogene Lerngruppe,4,85,44,41,0,0,0,0,0,0
11P09,1. Kurshalbjahr,Regelklasse (Kurshalbjahre),0,14,7,7,1,0,1,1,0,1
11P09,3. Kurshalbjahr,Regelklasse (Kurshalbjahre),0,6,3,3,0,0,0,1,0,1
11P09,Jahrgangsstufe 07,Regelklasse,1,22,15,7,1,0,1,4,3,1
11P09,Jahrgangsstufe 08,Regelklasse,1,17,10,7,0,0,0,0,0,0
11P09,Jahrgangsstufe 09,Regelklasse,1,14,11,3,1,1,0,1,1,0
11P11,Jahrgangsstufe 04,Jahrgangsübergreifende Lerngruppe,1,10,6,4,2,1,1,2,1,1
11S01,Jahrgangsstufe 06,Regelklasse,2,17,8,9,1,0,1,2,1,1
11S01,Jahrgangsstufe 08,Regelklasse,2,20,11,9,3,1,2,3,1,2
11S01,Jahrgangsstufe 09,Regelklasse,1,11,6,5,0,0,0,0,0,0
11S01,Jahrgangsstufe 10,Regelklasse,2,23,10,13,4,3,1,4,3,1
11S02,Jahrgangsstufe 03,Regelklasse,1,9,7,2,1,1,0,1,1,0
11S02,Jahrgangsstufe 04,Regelklasse,2,21,12,9,3,2,1,3,2,1
11S02,Jahrgangsstufe 05,Regelklasse,2,18,11,7,1,1,0,1,1,0
11S02,Jahrgangsstufe 06,Regelklasse,1,10,4,6,1,0,1,2,1,1
11S02,Jahrgangsstufe 07,Regelklasse,2,19,13,6,5,4,1,5,4,1
11S02,Jahrgangsstufe 08,Regelklasse,2,23,13,10,2,1,1,2,1,1
11S02,Jahrgangsstufe 09,Regelklasse,2,19,10,9,2,1,1,2,1,1
11S02,Jahrgangsstufe 10,Regelklasse,2,23,15,8,4,3,1,4,3,1
11S04,Abschlussstufe,Regelklasse,1,5,2,3,2,1,1,3,1,2
11S04,Eingangsstufe,Regelklasse,2,10,6,4,2,2,0,4,3,1
11S04,Jahrgangsstufe 05,Regelklasse,1,12,6,6,1,1,0,3,3,0
11S04,Jahrgangsstufe 06,Regelklasse,1,13,7,6,2,2,0,3,3,0
11S04,Jahrgangsstufe 07,Regelklasse,2,33,27,6,4,2,2,5,3,2
11S04,Jahrgangsstufe 08,Regelklasse,2,35,22,13,5,3,2,7,5,2
11S04,Jahrgangsstufe 09,Regelklasse,1,21,14,7,3,2,1,5,3,2
11S04,Jahrgangsstufe 10,Regelklasse,1,19,14,5,1,1,0,1,1,0
11S04,Mittelstufe,Regelklasse,2,11,5,6,0,0,0,4,1,3
11S04,Oberstufe,Regelklasse,2,10,5,5,3,0,3,5,1,4
11S04,Schulanfangsphase,Jahrgangsübergreifende Lerngruppe,1,12,6,6,0,0,0,2,1,1
11S04,Unterstufe,Regelklasse,2,10,4,6,0,0,0,3,1,2
11S05,Jahrgangsstufe 03,Regelklasse,1,7,5,2,0,0,0,1,0,1
11S05,Jahrgangsstufe 04,Jahrgangsübergreifende Lerngruppe,1,8,6,2,0,0,0,0,0,0
11S05,Jahrgangsstufe 04,Regelklasse,1,4,4,0,0,0,0,0,0,0
11S05,Jahrgangsstufe 05,Regelklasse,1,7,7,0,0,0,0,0,0,0
11S05,Jahrgangsstufe 06,Jahrgangsübergreifende Lerngruppe,1,8,6,2,0,0,0,0,0,0
11S05,Jahrgangsstufe 06,Regelklasse,1,7,3,4,1,0,1,1,0,1
11S05,Jahrgangsstufe 07,Regelklasse,2,14,10,4,0,0,0,0,0,0
11S05,Jahrgangsstufe 08,Regelklasse,1,8,4,4,0,0,0,0,0,0
11S05,Jahrgangsstufe 09,Regelklasse,2,14,6,8,1,0,1,1,0,1
11S05,Jahrgangsstufe 10,Regelklasse,1,7,3,4,0,0,0,0,0,0
11S05,Oberstufe,Regelklasse,1,9,3,6,0,0,0,0,0,0
11S05,Schulanfangsphase,Jahrgangsbezogene Lerngruppe,2,13,9,4,2,2,0,3,3,0
11S06,Jahrgangsstufe 03,Regelklasse,3,29,24,5,3,2,1,5,3,2
11S06,Jahrgangsstufe 04,Regelklasse,2,24,17,7,0,0,0,4,3,1
11S06,Jahrgangsstufe 06,Regelklasse,1,12,10,2,1,1,0,1,1,0
11S06,Schulanfangsphase,Jahrgangsbezogene Lerngruppe,2,26,17,9,1,0,1,4,2,2
11S06,Schulanfangsphase,Jahrgangsübergreifende Lerngruppe,8,104,63,41,8,5,3,33,26,7
11S07,Jahrgangsstufe 03,Regelklasse,4,28,21,7,0,0,0,1,1,0
11S07,Jahrgangsstufe 04,Regelklasse,5,31,21,10,1,0,1,3,1,2
11S07,Jahrgangsstufe 05,Regelklasse,4,28,20,8,1,0,1,4,2,2
11S07,Jahrgangsstufe 06,Regelklasse,4,31,19,12,2,1,1,4,2,2
11S07,Jahrgangsstufe 07,Regelklasse,7,46,30,16,5,4,1,8,5,3
11S07,Jahrgangsstufe 08,Regelklasse,6,45,28,17,2,1,1,8,6,2
11S07,Jahrgangsstufe 09,Regelklasse,5,37,21,16,5,2,3,7,4,3
11S07,Jahrgangsstufe 10,Regelklasse,5,38,24,14,3,1,2,3,1,2
11S07,Schulanfangsphase,Jahrgangsbezogene Lerngruppe,11,71,48,23,4,4,0,11,9,2
11S07,Schulanfangsphase,Jahrgangsübergreifende Lerngruppe,1,6,3,3,1,0,1,2,1,1
11S08,Jahrgangsstufe 03,Regelklasse,1,7,4,3,0,0,0,2,1,1
11S08,Jahrgangsstufe 04,Regelklasse,1,11,8,3,0,0,0,1,1,0
11S08,Jahrgangsstufe 05,Regelklasse,1,10,7,3,3,1,2,3,1,2
11S08,Jahrgangsstufe 06,Regelklasse,2,17,9,8,1,0,1,2,0,2
11S08,Jahrgangsstufe 07,Regelklasse,2,18,9,9,0,0,0,0,0,0
11S08,Jahrgangsstufe 08,Regelklasse,2,19,10,9,1,1,0,2,2,0
11S08,Jahrgangsstufe 09,Regelklasse,2,23,15,8,0,0,0,1,0,1
11S08,Jahrgangsstufe 10,Regelklasse,1,12,5,7,0,0,0,0,0,0
11S10,Jahrgangsstufe 05,Regelklasse,1,9,6,3,0,0,0,2,2,0
11S10,Jahrgangsstufe 06,Regelklasse,1,11,9,2,0,0,0,3,2,1
11S10,Jahrgangsstufe 07,Regelklasse,1,10,4,6,0,0,0,2,0,2
11S10,Jahrgangsstufe 08,Regelklasse,1,13,5,8,0,0,0,3,1,2
11S10,Jahrgangsstufe 09,Regelklasse,1,10,3,7,0,0,0,0,0,0
11S10,Jahrgangsstufe 10,Regelklasse,2,17,13,4,0,0,0,4,3,1
11S12,Abschlussstufe,Regelklasse,3,24,13,11,3,3,0,6,4,2
11S12,Eingangsstufe,Regelklasse,5,28,21,7,7,6,1,10,7,3
11S12,Mittelstufe,Regelklasse,6,41,25,16,7,4,3,7,4,3
11S12,Oberstufe,Regelklasse,3,20,13,7,0,0,0,4,3,1
11S12,Unterstufe,Regelklasse,7,51,31,20,5,4,1,6,5,1
11Y02,1. Kurshalbjahr,Regelklasse (Kurshalbjahre),0,65,27,38,11,6,5,21,9,12
11Y02,3. Kurshalbjahr,Regelklasse (Kurshalbjahre),0,44,15,29,10,5,5,18,9,9
11Y02,Jahrgangsstufe 05,Regelklasse,2,54,25,29,13,7,6,38,20,18
11Y02,Jahrgangsstufe 06,Regelklasse,2,59,16,43,8,2,6,34,11,23
11Y02,Jahrgangsstufe 07,Regelklasse,4,117,41,76,18,7,11,52,18,34
11Y02,Jahrgangsstufe 08,Regelklasse,4,120,40,80,17,4,13,44,12,32
11Y02,Jahrgangsstufe 09,Regelklasse,4,96,36,60,15,3,12,45,16,29
11Y02,Jahrgangsstufe 10,Regelklasse,4,110,43,67,16,6,10,43,14,29
11Y05,1. Kurshalbjahr,Regelklasse (Kurshalbjahre),0,132,49,83,3,2,1,6,2,4
11Y05,3. Kurshalbjahr,Regelklasse (Kurshalbjahre),0,76,26,50,2,0,2,6,2,4
11Y05,Jahrgangsstufe 07,Regelklasse,3,93,34,59,4,3,1,11,6,5
11Y05,Jahrgangsstufe 08,Regelklasse,4,124,52,72,7,4,3,14,6,8
11Y05,Jahrgangsstufe 09,Regelklasse,3,99,35,64,3,0,3,5,1,4
11Y05,Jahrgangsstufe 10,Regelklasse,4,124,41,83,9,2,7,13,4,9
11Y09,1. Kurshalbjahr,Regelklasse (Kurshalbjahre),0,161,68,93,35,18,17,39,19,20
11Y09,3. Kurshalbjahr,Regelklasse (Kurshalbjahre),0,94,45,49,17,9,8,10,4,6
11Y09,Jahrgangsstufe 05,Regelklasse,2,64,27,37,6,1,5,4,1,3
11Y09,Jahrgangsstufe 06,Regelklasse,2,61,28,33,4,1,3,5,1,4
11Y09,Jahrgangsstufe 07,Regelklasse,5,160,81,79,24,13,11,12,8,4
11Y09,Jahrgangsstufe 08,Regelklasse,6,188,87,101,30,15,15,21,11,10
11Y09,Jahrgangsstufe 09,Regelklasse,5,153,78,75,26,11,15,22,9,13
11Y09,Jahrgangsstufe 10,Regelklasse,4,123,63,60,25,12,13,20,11,9
11Y10,1. Kurshalbjahr,Regelklasse (Kurshalbjahre),0,112,55,57,27,14,13,38,20,18
11Y10,3. Kurshalbjahr,Regelklasse (Kurshalbjahre),0,76,34,42,18,8,10,28,11,17
11Y10,Jahrgangsstufe 07,Regelklasse,3,88,41,47,11,4,7,27,9,18
11Y10,Jahrgangsstufe 08,Regelklasse,4,127,52,75,19,8,11,37,13,24
11Y10,Jahrgangsstufe 09,Regelklasse,4,124,53,71,13,3,10,33,10,23
11Y10,Jahrgangsstufe 10,Regelklasse,3,96,51,45,13,4,9,22,9,13
11Y11,1. Kurshalbjahr,Regelklasse (Kurshalbjahre),0,111,59,52,19,11,8,28,15,13
11Y11,3. Kurshalbjahr,Regelklasse (Kurshalbjahre),0,113,45,68,24,7,17,40,13,27
11Y11,Jahrgangsstufe 05,Regelklasse,1,25,14,11,3,2,1,7,5,2
11Y11,Jahrgangsstufe 07,Regelklasse,4,125,66,59,12,7,5,27,16,11
11Y11,Jahrgangsstufe 08,Regelklasse,5,159,77,82,17,6,11,31,11,20
11Y11,Jahrgangsstufe 09,Regelklasse,4,123,62,61,13,6,7,20,10,10
11Y11,Jahrgangsstufe 10,Regelklasse,5,141,64,77,24,12,12,36,16,20
12G01,Jahrgangsstufe 03,Jahrgangsübergreifende Lerngruppe,6,127,59,68,22,9,13,50,24,26
12G01,Jahrgangsstufe 06,Jahrgangsübergreifende Lerngruppe,5,92,50,42,23,8,15,43,21,22
12G02,Jahrgangsstufe 03,Regelklasse,3,62,33,29,11,5,6,43,21,22
12G02,Jahrgangsstufe 04,Regelklasse,3,70,31,39,3,0,3,36,16,20
12G02,Jahrgangsstufe 05,Regelklasse,3,63,30,33,8,3,5,38,17,21
12G02,Jahrgangsstufe 06,Regelklasse,3,63,36,27,13,8,5,35,21,14
12G02,Schulanfangsphase,Jahrgangsübergreifende Lerngruppe,6,147,78,69,12,8,4,81,47,34
12G03,Jahrgangsstufe 03,Jahrgangsübergreifende Lerngruppe,9,216,113,103,93,51,42,163,87,76
12G03,Jahrgangsstufe 04,Regelklasse,3,65,31,34,20,14,6,56,25,31
12G03,Jahrgangsstufe 05,Regelklasse,3,72,45,27,21,14,7,59,36,23
12G03,Jahrgangsstufe 06,Lerngruppen für Neuzugänge ohne Deutschkenntnisse,1,14,8,6,14,8,6,14,8,6
12G03,Jahrgangsstufe 06,Regelklasse,3,55,32,23,12,6,6,37,22,15
12G04,Jahrgangsstufe 03,Regelklasse,3,72,39,33,10,5,5,38,22,16
12G04,Jahrgangsstufe 04,Regelklasse,3,76,37,39,10,6,4,40,16,24
12G04,Jahrgangsstufe 05,Regelklasse,3,58,25,33,10,4,6,25,11,14
12G04,Jahrgangsstufe 06,Regelklasse,3,58,26,32,12,6,6,22,11,11
12G04,Schulanfangsphase,Jahrgangsübergreifende Lerngruppe,6,148,85,63,18,10,8,86,53,33
12G05,Jahrgangsstufe 03,Jahrgangsübergreifende Lerngruppe,10,218,112,106,85,49,36,123,67,56
12G05,Jahrgangsstufe 04,Regelklasse,3,73,34,39,16,5,11,44,18,26
12G05,Jahrgangsstufe 05,Regelklasse,3,69,40,29,11,7,4,41,25,16
12G05,Jahrgangsstufe 06,Lerngruppen für Neuzugänge ohne Deutschkenntnisse,1,15,8,7,15,8,7,15,8,7
12G05,Jahrgangsstufe 06,Regelklasse,3,61,32,29,10,3,7,42,20,22
12G05,Jahrgangsstufe 06,Sonderpädagogische Kleinklasse,1,2,2,0,0,0,0,0,0,0
12G05,Schulanfangsphase,Jahrgangsbezogene Lerngruppe,1,22,12,10,10,5,5,10,5,5
12G06,Jahrgangsstufe 03,Jahrgangsübergreifende Lerngruppe,2,46,22,24,3,1,2,21,10,11
12G06,Jahrgangsstufe 03,Regelklasse,2,45,25,20,6,3,3,27,15,12
12G06,Jahrgangsstufe 04,Regelklasse,3,71,39,32,13,10,3,39,21,18
12G06,Jahrgangsstufe 05,Regelklasse,3,59,30,29,24,13,11,32,14,18
12G06,Jahrgangsstufe 06,Regelklasse,3,68,39,29,8,3,5,38,21,17
12G06,Schulanfangsphase,Jahrgangsübergreifende Lerngruppe,5,114,61,53,19,9,10,65,31,34
12G07,Jahrgangsstufe 03,Regelklasse,3,64,31,33,27,12,15,41,20,21
12G07,Jahrgangsstufe 04,Regelklasse,3,64,32,32,10,6,4,45,25,20
12G07,Jahrgangsstufe 05,Regelklasse,2,42,18,24,15,8,7,29,11,18
12G07,Jahrgangsstufe 06,Regelklasse,3,61,33,28,17,8,9,39,21,18
12G07,Schulanfangsphase,Jahrgangsübergreifende Lerngruppe,7,161,86,75,19,8,11,115,62,53
12G09,Jahrgangsstufe 03,Regelklasse,3,74,37,37,6,4,2,46,23,23
12G09,Jahrgangsstufe 04,Regelklasse,2,50,33,17,9,6,3,29,22,7
12G09,Jahrgangsstufe 05,Regelklasse,3,58,35,23,7,5,2,39,22,17
12G09,Jahrgangsstufe 06,Regelklasse,3,66,31,35,5,4,1,40,20,20
12G09,Schulanfangsphase,Jahrgangsbezogene Lerngruppe,7,152,85,67,41,26,15,94,50,44
12G09,Schulanfangsphase,Jahrgangsübergreifende Lerngruppe,1,21,10,11,3,2,1,13,6,7
12G10,Jahrgangsstufe 03,Regelklasse,2,48,22,26,1,1,0,14,7,7
12G10,Jahrgangsstufe 04,Regelklasse,2,49,32,17,0,0,0,9,6,3
12G10,Jahrgangsstufe 05,Regelklasse,2,47,21,26,1,1,0,13,7,6
12G10,Jahrgangsstufe 06,Regelklasse,2,48,21,27,1,0,1,9,6,3
12G10,Schulanfangsphase,Jahrgangsbezogene Lerngruppe,4,106,54,52,4,1,3,42,22,20
12G11,Jahrgangsstufe 03,Regelklasse,3,64,33,31,5,4,1,14,6,8
12G11,Jahrgangsstufe 04,Regelklasse,2,52,25,27,3,2,1,7,4,3
12G11,Jahrgangsstufe 05,Regelklasse,2,49,30,19,0,0,0,10,8,2
12G11,Jahrgangsstufe 06,Regelklasse,2,45,22,23,7,3,4,8,4,4
12G11,Schulanfangsphase,Jahrgangsbezogene Lerngruppe,5,125,64,61,9,7,2,26,17,9
12G12,Jahrgangsstufe 03,Regelklasse,3,61,31,30,5,3,2,5,3,2
12G12,Jahrgangsstufe 04,Regelklasse,2,47,17,30,2,0,2,5,1,4
12G12,Jahrgangsstufe 05,Regelklasse,3,60,34,26,4,3,1,4,3,1
12G12,Jahrgangsstufe 06,Regelklasse,2,48,18,30,4,0,4,1,0,1
12G12,Schulanfangsphase,Jahrgangsübergreifende Lerngruppe,5,119,66,53,8,5,3,16,11,5
12G13,Jahrgangsstufe 03,Jahrgangsübergreifende Lerngruppe,9,212,106,106,7,4,3,60,33,27
12G13,Jahrgangsstufe 04,Regelklasse,3,53,32,21,2,2,0,15,9,6
12G13,Jahrgangsstufe 05,Regelklasse,3,67,35,32,7,4,3,14,9,5
12G13,Jahrgangsstufe 06,Regelklasse,3,53,34,19,5,2,3,13,7,6
12G14,Jahrgangsstufe 03,Regelklasse,3,63,40,23,7,3,4,21,13,8
12G14,Jahrgangsstufe 04,Regelklasse,2,43,22,21,1,0,1,7,4,3
12G14,Jahrgangsstufe 05,Regelklasse,3,60,35,25,6,2,4,19,9,10
12G14,Jahrgangsstufe 06,Regelklasse,2,38,19,19,3,2,1,10,4,6
12G14,Schulanfangsphase,Jahrgangsbezogene Lerngruppe,1,26,14,12,3,2,1,5,4,1
12G14,Schulanfangsphase,Jahrgangsübergreifende Lerngruppe,5,130,59,71,7,3,4,21,8,13
12G15,Jahrgangsstufe 03,Jahrgangsübergreifende Lerngruppe,3,71,36,35,2,1,1,12,6,6
12G15,Jahrgangsstufe 03,Regelklasse,1,19,12,7,3,1,2,8,5,3
12G15,Jahrgangsstufe 04,Regelklasse,2,50,32,18,0,0,0,12,7,5
12G15,Jahrgangsstufe 05,Regelklasse,2,49,24,25,2,1,1,8,5,3
12G15,Jahrgangsstufe 06,Regelklasse,2,43,21,22,4,4,0,12,6,6
12G15,Schulanfangsphase,Jahrgangsübergreifende Lerngruppe,2,48,26,22,8,4,4,12,5,7
12G17,Jahrgangsstufe 03,Regelklasse,2,47,28,19,1,0,1,3,1,2
12G17,Jahrgangsstufe 04,Regelklasse,2,40,23,17,0,0,0,1,1,0
12G17,Jahrgangsstufe 05,Regelklasse,2,49,24,25,1,1,0,1,1,0
12G17,Jahrgangsstufe 06,Regelklasse,2,45,26,19,0,0,0,1,0,1
12G17,Schulanfangsphase,Jahrgangsübergreifende Lerngruppe,4,80,45,35,1,1,0,8,7,1
12G18,Jahrgangsstufe 03,Regelklasse,2,49,26,23,1,1,0,3,1,2
12G18,Jahrgangsstufe 04,Regelklasse,2,46,23,23,0,0,0,5,3,2
12G18,Jahrgangsstufe 05,Regelklasse,3,61,34,27,0,0,0,5,3,2
12G18,Jahrgangsstufe 06,Regelklasse,2,51,23,28,0,0,0,1,1,0
12G18,Schulanfangsphase,Jahrgangsbezogene Lerngruppe,2,45,23,22,0,0,0,7,2,5
12G18,Schulanfangsphase,Jahrgangsübergreifende Lerngruppe,3,60,24,36,1,1,0,10,6,4
12G19,Jahrgangsstufe 03,Regelklasse,3,73,36,37,6,3,3,15,6,9
12G19,Jahrgangsstufe 04,Regelklasse,3,81,38,43,5,2,3,9,5,4
12G19,Jahrgangsstufe 05,Regelklasse,3,66,34,32,7,3,4,12,5,7
12G19,Jahrgangsstufe 06,Regelklasse,3,75,33,42,5,2,3,10,4,6
12G19,Schulanfangsphase,Jahrgangsübergreifende Lerngruppe,6,148,76,72,12,9,3,27,14,13
12G20,Jahrgangsstufe 03,Regelklasse,2,50,24,26,10,7,3,3,1,2
12G20,Jahrgangsstufe 04,Regelklasse,2,57,28,29,10,5,5,2,1,1
12G20,Jahrgangsstufe 05,Regelklasse,2,47,22,25,5,3,2,7,4,3
12G20,Jahrgangsstufe 06,Regelklasse,2,50,24,26,4,0,4,8,5,3
12G20,Schulanfangsphase,Jahrgangsübergreifende Lerngruppe,4,104,57,47,15,9,6,15,8,7
12G21,Jahrgangsstufe 03,Regelklasse,2,48,32,16,4,2,2,9,7,2
12G21,Jahrgangsstufe 04,Regelklasse,3,72,41,31,1,1,0,8,6,2
12G21,Jahrgangsstufe 05,Regelklasse,2,52,19,33,3,3,0,5,3,2
12G21,Jahrgangsstufe 06,Regelklasse,3,72,42,30,3,3,0,6,4,2
12G21,Schulanfangsphase,Jahrgangsübergreifende Lerngruppe,4,103,58,45,3,3,0,7,4,3
12G22,Jahrgangsstufe 03,Regelklasse,3,62,30,32,0,0,0,0,0,0
12G22,Jahrgangsstufe 04,Regelklasse,2,56,20,36,0,0,0,0,0,0
12G22,Jahrgangsstufe 05,Regelklasse,2,54,27,27,0,0,0,0,0,0
12G22,Jahrgangsstufe 06,Regelklasse,2,52,24,28,0,0,0,0,0,0
12G22,Schulanfangsphase,Jahrgangsübergreifende Lerngruppe,5,124,54,70,0,0,0,0,0,0
12G23,Jahrgangsstufe 03,Regelklasse,4,84,48,36,1,0,1,1,0,1
12G23,Jahrgangsstufe 04,Regelklasse,3,82,51,31,1,1,0,3,2,1
12G23,Jahrgangsstufe 05,Regelklasse,3,74,41,33,1,0,1,0,0,0
12G23,Jahrgangsstufe 06,Regelklasse,4,80,49,31,0,0,0,0,0,0
12G23,Schulanfangsphase,Jahrgangsübergreifende Lerngruppe,7,153,77,76,0,0,0,2,1,1
12G24,Jahrgangsstufe 03,Regelklasse,3,67,33,34,0,0,0,9,3,6
12G24,Jahrgangsstufe 04,Regelklasse,3,60,32,28,1,0,1,7,5,2
12G24,Jahrgangsstufe 05,Regelklasse,2,50,28,22,0,0,0,2,1,1
12G24,Jahrgangsstufe 06,Regelklasse,2,47,23,24,0,0,0,4,4,0
12G24,Schulanfangsphase,Jahrgangsbezogene Lerngruppe,6,136,79,57,0,0,0,8,7,1
12G26,Jahrgangsstufe 03,Klasse der Staatlichen Europaschule,3,59,20,39,27,13,14,27,13,14
12G26,Jahrgangsstufe 04,Klasse der Staatlichen Europaschule,3,68,31,37,36,19,17,36,19,17
12G26,Jahrgangsstufe 05,Klasse der Staatlichen Europaschule,2,39,20,19,19,12,7,19,12,7
12G26,Jahrgangsstufe 06,Klasse der Staatlichen Europaschule,2,32,16,16,15,10,5,15,10,5
12G26,Schulanfangsphase,Klasse der Staatlichen Europaschule,6,118,56,62,54,26,28,54,26,28
12G27,Jahrgangsstufe 03,Regelklasse,3,75,34,41,3,0,3,43,22,21
12G27,Jahrgangsstufe 04,Regelklasse,3,71,29,42,2,2,0,44,16,28
12G27,Jahrgangsstufe 05,Regelklasse,3,67,35,32,3,3,0,45,27,18
12G27,Jahrgangsstufe 06,Regelklasse,3,64,34,30,2,2,0,39,22,17
12G27,Schulanfangsphase,Jahrgangsübergreifende Lerngruppe,8,180,93,87,5,2,3,114,62,52
12G28,Jahrgangsstufe 03,Jahrgangsübergreifende Lerngruppe,6,133,69,64,10,5,5,56,28,28
12G28,Jahrgangsstufe 04,Regelklasse,1,25,14,11,5,3,2,11,8,3
12G28,Jahrgangsstufe 05,Regelklasse,2,43,25,18,4,3,1,23,11,12
12G28,Jahrgangsstufe 06,Regelklasse,2,41,20,21,5,3,2,20,10,10
12G29,Jahrgangsstufe 03,Regelklasse,3,64,32,32,4,2,2,27,14,13
12G29,Jahrgangsstufe 04,Regelklasse,3,65,41,24,12,8,4,35,24,11
12G29,Jahrgangsstufe 05,Regelklasse,2,43,26,17,9,8,1,23,13,10
12G29,Jahrgangsstufe 06,Regelklasse,3,68,39,29,6,2,4,33,20,13
12G29,Schulanfangsphase,Jahrgangsbezogene Lerngruppe,5,113,63,50,24,14,10,77,47,30
12G30,Jahrgangsstufe 03,Jahrgangsübergreifende Lerngruppe,5,121,66,55,100,52,48,100,52,48
12G30,Jahrgangsstufe 03,Regelklasse,1,24,12,12,17,9,8,17,9,8
12G30,Jahrgangsstufe 04,Regelklasse,2,42,21,21,31,15,16,31,15,16
12G30,Jahrgangsstufe 05,Regelklasse,3,67,35,32,57,29,28,48,29,19
12G30,Jahrgangsstufe 06,Regelklasse,2,48,21,27,37,16,21,37,16,21
12G30,Schulanfangsphase,Jahrgangsübergreifende Lerngruppe,3,65,42,23,53,35,18,53,35,18
12G31,Jahrgangsstufe 03,Jahrgangsübergreifende Lerngruppe,7,169,88,81,18,8,10,103,58,45
12G31,Jahrgangsstufe 06,Jahrgangsübergreifende Lerngruppe,7,155,70,85,16,5,11,85,35,50
12G31,Schulanfangsphase,Jahrgangsbezogene Lerngruppe,1,17,8,9,1,1,0,7,2,5
12G32,Jahrgangsstufe 03,Regelklasse,3,73,32,41,14,5,9,54,25,29
12G32,Jahrgangsstufe 04,Regelklasse,4,89,51,38,24,16,8,51,32,19
12G32,Jahrgangsstufe 05,Regelklasse,4,95,49,46,23,15,8,69,33,36
12G32,Jahrgangsstufe 06,Regelklasse,3,69,36,33,30,14,16,39,21,18
12G32,Schulanfangsphase,Jahrgangsbezogene Lerngruppe,1,23,13,10,5,3,2,10,5,5
12G32,Schulanfangsphase,Jahrgangsübergreifende Lerngruppe,7,153,84,69,41,20,21,109,59,50
12G33,Jahrgangsstufe 03,Regelklasse,3,75,43,32,12,7,5,50,29,21
12G33,Jahrgangsstufe 04,Regelklasse,3,70,35,35,7,5,2,45,22,23
12G33,Jahrgangsstufe 05,Regelklasse,3,63,30,33,6,3,3,32,17,15
12G33,Jahrgangsstufe 06,Regelklasse,3,64,28,36,14,9,5,48,21,27
12G33,Schulanfangsphase,Jahrgangsübergreifende Lerngruppe,7,166,85,81,15,7,8,96,47,49
12G34,Jahrgangsstufe 03,Regelklasse,4,90,45,45,2,0,2,3,2,1
12G34,Jahrgangsstufe 04,Regelklasse,3,78,37,41,0,0,0,1,1,0
12G34,Jahrgangsstufe 05,Regelklasse,3,74,39,35,1,1,0,3,2,1
12G34,Jahrgangsstufe 06,Regelklasse,3,77,48,29,0,0,0,1,1,0
12G34,Schulanfangsphase,Jahrgangsübergreifende Lerngruppe,6,141,72,69,2,1,1,4,2,2
12K01,Jahrgangsstufe 07,Regelklasse,4,93,59,34,19,11,8,56,38,18
12K01,Jahrgangsstufe 08,Regelklasse,4,104,63,41,31,19,12,61,37,24
12K01,Jahrgangsstufe 09,Regelklasse,4,103,56,47,21,14,7,61,35,26
12K01,Jahrgangsstufe 10,Regelklasse,2,44,27,17,13,7,6,23,13,10
12K02,1. Kurshalbjahr,Regelklasse (Kurshalbjahre),0,131,50,81,5,4,1,13,8,5
12K02,3. Kurshalbjahr,Regelklasse (Kurshalbjahre),0,100,41,59,7,1,6,19,3,16
12K02,E-Phase,Regelklasse,4,134,71,63,1,1,0,15,7,8
12K02,Jahrgangsstufe 07,Regelklasse,8,207,94,113,10,3,7,31,12,19
12K02,Jahrgangsstufe 08,Regelklasse,8,208,86,122,9,4,5,18,8,10
12K02,Jahrgangsstufe 09,Lerngruppen für Neuzugänge ohne Deutschkenntnisse,2,24,17,7,24,17,7,24,17,7
12K02,Jahrgangsstufe 09,Regelklasse,8,214,89,125,17,10,7,43,21,22
12K02,Jahrgangsstufe 10,Regelklasse,8,252,128,124,17,8,9,35,15,20
12K03,1. Kurshalbjahr,Regelklasse (Kurshalbjahre),0,101,46,55,7,3,4,13,6,7
12K03,3. Kurshalbjahr,Regelklasse (Kurshalbjahre),0,75,33,42,9,4,5,13,7,6
12K03,E-Phase,Regelklasse,4,95,41,54,13,4,9,29,10,19
12K03,Jahrgangsstufe 07,Regelklasse,6,154,67,87,16,5,11,38,16,22
12K03,Jahrgangsstufe 08,Regelklasse,6,156,85,71,22,17,5,58,30,28
12K03,Jahrgangsstufe 09,Regelklasse,8,185,72,113,26,8,18,44,12,32
12K03,Jahrgangsstufe 10,Regelklasse,8,180,88,92,13,9,4,39,18,21
12K04,Jahrgangsstufe 07,Regelklasse,4,98,64,34,20,14,6,42,30,12
12K04,Jahrgangsstufe 08,Regelklasse,6,149,89,60,27,19,8,72,43,29
12K04,Jahrgangsstufe 09,Lerngruppen für Neuzugänge ohne Deutschkenntnisse,2,23,12,11,23,12,11,23,12,11
12K04,Jahrgangsstufe 09,Regelklasse,4,100,52,48,16,11,5,56,31,25
12K04,Jahrgangsstufe 10,Regelklasse,3,69,46,23,7,4,3,21,11,10
12K05,Jahrgangsstufe 07,Regelklasse,4,104,52,52,22,9,13,70,37,33
12K05,Jahrgangsstufe 08,Regelklasse,6,155,75,80,42,18,24,107,52,55
12K05,Jahrgangsstufe 09,Regelklasse,4,112,60,52,24,13,11,70,36,34
12K05,Jahrgangsstufe 10,Regelklasse,4,116,49,67,36,16,20,77,37,40
12K06,Jahrgangsstufe 07,Regelklasse,4,104,59,45,11,7,4,46,28,18
12K06,Jahrgangsstufe 08,Regelklasse,5,130,64,66,29,16,13,64,36,28
12K06,Jahrgangsstufe 09,Regelklasse,4,108,59,49,17,9,8,49,26,23
12K06,Jahrgangsstufe 10,Regelklasse,4,127,63,64,12,5,7,66,37,29
12K07,Jahrgangsstufe 07,Regelklasse,5,126,75,51,29,22,7,74,51,23
12K07,Jahrgangsstufe 08,Regelklasse,6,152,72,80,37,20,17,81,38,43
12K07,Jahrgangsstufe 09,Regelklasse,5,133,69,64,47,23,24,79,40,39
12K07,Jahrgangsstufe 10,Regelklasse,2,46,31,15,13,10,3,22,17,5
12K07,Jahrgangsstufe 10,Regelklasse,3,77,52,25,21,15,6,48,35,13
12K08,Jahrgangsstufe 07,Regelklasse,2,49,29,20,9,5,4,15,7,8
12K08,Jahrgangsstufe 08,Regelklasse,4,103,60,43,32,19,13,45,24,21
12K08,Jahrgangsstufe 09,Regelklasse,4,105,70,35,41,27,14,59,40,19
12K08,Jahrgangsstufe 10,Regelklasse,2,49,25,24,17,7,10,29,13,16
12K09,Jahrgangsstufe 07,Regelklasse,4,104,55,49,1,1,0,17,4,13
12K09,Jahrgangsstufe 08,Regelklasse,5,130,70,60,7,4,3,12,8,4
12K09,Jahrgangsstufe 09,Regelklasse,4,120,67,53,10,9,1,21,13,8
12K09,Jahrgangsstufe 10,Regelklasse,4,114,71,43,8,5,3,30,17,13
12K10,Jahrgangsstufe 07,Regelklasse,3,61,41,20,8,5,3,12,6,6
12K10,Jahrgangsstufe 08,Regelklasse,6,147,91,56,16,10,6,25,16,9
12K10,Jahrgangsstufe 09,Praxislerngruppe,1,16,11,5,1,1,0,7,4,3
12K10,Jahrgangsstufe 09,Regelklasse,4,103,62,41,11,7,4,29,16,13
12K10,Jahrgangsstufe 10,Regelklasse,3,57,43,14,4,2,2,10,8,2
12K11,Jahrgangsstufe 07,Regelklasse,3,70,36,34,1,0,1,6,2,4
12K11,Jahrgangsstufe 08,Regelklasse,3,77,46,31,4,2,2,11,7,4
12K11,Jahrgangsstufe 09,Regelklasse,6,144,98,46,11,7,4,14,10,4
12K11,Jahrgangsstufe 10,Regelklasse,3,80,42,38,2,1,1,6,2,4
12P01,Jahrgangsstufe 03,Regelklasse,3,77,40,37,1,1,0,18,10,8
12P01,Jahrgangsstufe 04,Regelklasse,3,83,43,40,0,0,0,24,14,10
12P01,Jahrgangsstufe 05,Regelklasse,3,83,48,35,4,0,4,18,10,8
12P01,Jahrgangsstufe 06,Regelklasse,3,81,38,43,1,0,1,17,9,8
12P01,Schulanfangsphase,Jahrgangsbezogene Lerngruppe,6,163,91,72,5,5,0,52,26,26
12P02,Jahrgangsstufe 03,Regelklasse,1,36,14,22,0,0,0,0,0,0
12P02,Jahrgangsstufe 04,Regelklasse,1,35,17,18,0,0,0,0,0,0
12P02,Jahrgangsstufe 05,Regelklasse,1,30,16,14,0,0,0,0,0,0
12P02,Jahrgangsstufe 06,Regelklasse,1,33,18,15,0,0,0,0,0,0
12P02,Jahrgangsstufe 07,Regelklasse,1,32,13,19,0,0,0,0,0,0
12P02,Jahrgangsstufe 08,Regelklasse,1,33,14,19,0,0,0,0,0,0
12P02,Jahrgangsstufe 09,Regelklasse,1,31,15,16,1,1,0,0,0,0
12P02,Jahrgangsstufe 10,Regelklasse,1,38,19,19,0,0,0,0,0,0
12P02,Jahrgangsstufe 11,Regelklasse,1,37,17,20,1,1,0,0,0,0
12P02,Jahrgangsstufe 12,Regelklasse,1,15,7,8,0,0,0,0,0,0
12P02,Jahrgangsstufe 13,Regelklasse,1,19,12,7,0,0,0,0,0,0
12P02,Schulanfangsphase,Jahrgangsbezogene Lerngruppe,3,79,38,41,2,0,2,0,0,0
12P03,1. Kurshalbjahr,Regelklasse (Kurshalbjahre),0,54,26,28,0,0,0,0,0,0
12P03,3. Kurshalbjahr,Regelklasse (Kurshalbjahre),0,81,28,53,0,0,0,0,0,0
12P03,Jahrgangsstufe 03,Regelklasse,2,49,25,24,0,0,0,0,0,0
12P03,Jahrgangsstufe 04,Regelklasse,2,47,27,20,0,0,0,0,0,0
12P03,Jahrgangsstufe 05,Regelklasse,1,26,14,12,0,0,0,0,0,0
12P03,Jahrgangsstufe 05,Regelklasse,1,29,9,20,0,0,0,0,0,0
12P03,Jahrgangsstufe 06,Regelklasse,1,30,15,15,0,0,0,0,0,0
12P03,Jahrgangsstufe 06,Regelklasse,2,46,26,20,0,0,0,1,0,1
12P03,Jahrgangsstufe 07,Regelklasse,3,86,42,44,1,1,0,2,1,1
12P03,Jahrgangsstufe 08,Regelklasse,2,59,21,38,1,0,1,1,0,1
12P03,Jahrgangsstufe 09,Regelklasse,2,61,22,39,0,0,0,0,0,0
12P03,Jahrgangsstufe 10,Regelklasse,2,59,24,35,0,0,0,0,0,0
12P03,Schulanfangsphase,Jahrgangsbezogene Lerngruppe,4,90,44,46,0,0,0,0,0,0
12P04,1. Kurshalbjahr,Regelklasse (Kurshalbjahre),0,85,40,45,6,3,3,1,0,1
12P04,3. Kurshalbjahr,Regelklasse (Kurshalbjahre),0,61,24,37,4,0,4,0,0,0
12P04,Jahrgangsstufe 07,Regelklasse,2,51,24,27,5,2,3,2,1,1
12P04,Jahrgangsstufe 07,Regelklasse,3,96,51,45,3,2,1,9,6,3
12P04,Jahrgangsstufe 08,Regelklasse,1,27,12,15,1,0,1,0,0,0
12P04,Jahrgangsstufe 08,Regelklasse,3,92,43,49,0,0,0,5,3,2
12P04,Jahrgangsstufe 09,Regelklasse,1,26,13,13,3,0,3,4,1,3
12P04,Jahrgangsstufe 09,Regelklasse,3,94,44,50,0,0,0,1,0,1
12P04,Jahrgangsstufe 10,Regelklasse,1,28,15,13,1,1,0,0,0,0
12P04,Jahrgangsstufe 10,Regelklasse,3,94,50,44,2,1,1,4,2,2
12P06,Jahrgangsstufe 03,Regelklasse,1,11,7,4,0,0,0,0,0,0
12P06,Jahrgangsstufe 04,Regelklasse,1,12,8,4,1,0,1,1,0,1
12P06,Jahrgangsstufe 05,Regelklasse,1,9,5,4,0,0,0,0,0,0
12P06,Schulanfangsphase,Jahrgangsbezogene Lerngruppe,2,23,10,13,0,0,0,4,2,2
12P07,Jahrgangsstufe 03,Regelklasse,1,8,4,4,0,0,0,5,2,3
12P07,Jahrgangsstufe 04,Regelklasse,1,7,4,3,2,1,1,2,1,1
12P07,Jahrgangsstufe 05,Regelklasse,1,4,3,1,2,2,0,2,2,0
12P07,Jahrgangsstufe 06,Regelklasse,1,7,4,3,2,1,1,2,1,1
12P07,Jahrgangsstufe 07,Regelklasse,1,3,0,3,0,0,0,0,0,0
12P07,Schulanfangsphase,Jahrgangsbezogene Lerngruppe,2,41,19,22,11,5,6,36,17,19
12P10,Jahrgangsstufe 06,Jahrgangsübergreifende Lerngruppe,1,14,8,6,1,1,0,1,1,0
12P10,Jahrgangsstufe 08,Regelklasse,1,6,1,5,2,0,2,1,0,1
12P11,Jahrgangsstufe 07,Regelklasse,1,14,8,6,0,0,0,0,0,0
12P11,Jahrgangsstufe 08,Regelklasse,1,11,9,2,0,0,0,0,0,0
12P11,Jahrgangsstufe 09,Regelklasse,1,19,9,10,0,0,0,0,0,0
12P11,Jahrgangsstufe 10,Regelklasse,1,15,7,8,0,0,0,0,0,0
12S01,Jahrgangsstufe 06,Jahrgangsübergreifende Lerngruppe,1,12,8,4,0,0,0,1,0,1
12S01,Jahrgangsstufe 08,Regelklasse,5,64,42,22,3,3,0,11,8,3
12S01,Jahrgangsstufe 10,Produktives Lernen,1,12,9,3,2,1,1,3,1,2
12S01,Jahrgangsstufe 10,Regelklasse,2,28,14,14,6,2,4,9,3,6
12S02,Jahrgangsstufe 03,Regelklasse,1,7,5,2,0,0,0,0,0,0
12S02,Jahrgangsstufe 04,Regelklasse,1,10,6,4,0,0,0,0,0,0
12S02,Jahrgangsstufe 05,Regelklasse,1,9,9,0,0,0,0,0,0,0
12S02,Jahrgangsstufe 06,Regelklasse,1,8,3,5,0,0,0,0,0,0
12S02,Jahrgangsstufe 09,Lerngruppen für Neuzugänge ohne Deutschkenntnisse,1,18,11,7,18,11,7,18,11,7
12S02,Jahrgangsstufe 09,Regelklasse,1,9,9,0,0,0,0,0,0,0
12S02,Jahrgangsstufe 10,Regelklasse,1,7,7,0,0,0,0,0,0,0
12S03,Jahrgangsstufe 03,Regelklasse,1,11,7,4,0,0,0,3,3,0
12S03,Jahrgangsstufe 03,Regelklasse,1,12,6,6,0,0,0,1,0,1
12S03,Jahrgangsstufe 04,Regelklasse,1,9,9,0,0,0,0,4,4,0
12S03,Jahrgangsstufe 04,Regelklasse,2,19,11,8,2,2,0,3,2,1
12S03,Jahrgangsstufe 05,Regelklasse,2,22,13,9,2,2,0,8,5,3
12S03,Jahrgangsstufe 06,Regelklasse,2,24,13,11,3,1,2,11,6,5
12S03,Jahrgangsstufe 07,Regelklasse,3,31,15,16,4,1,3,9,3,6
12S03,Jahrgangsstufe 08,Regelklasse,2,28,19,9,5,4,1,11,8,3
12S03,Jahrgangsstufe 09,Regelklasse,2,24,14,10,3,3,0,7,4,3
12S03,Jahrgangsstufe 10,Produktives Lernen,1,7,3,4,0,0,0,0,0,0
12S03,Jahrgangsstufe 10,Regelklasse,1,15,9,6,1,0,1,4,2,2
12S03,Schulanfangsphase,Jahrgangsbezogene Lerngruppe,1,13,9,4,1,1,0,3,2,1
12S03,Schulanfangsphase,Jahrgangsübergreifende Lerngruppe,2,26,16,10,7,4,3,12,7,5
12S04,Abschlussstufe,Regelklasse,2,17,11,6,5,4,1,9,6,3
12S04,Eingangsstufe,Regelklasse,5,30,14,16,0,0,0,15,7,8
12S04,Mittelstufe,Regelklasse,4,31,19,12,3,3,0,17,11,6
12S04,Oberstufe,Regelklasse,5,40,25,15,9,5,4,19,13,6
12S04,Unterstufe,Regelklasse,1,7,2,5,0,0,0,4,1,3
12S05,Jahrgangsstufe 04,Jahrgangsübergreifende Lerngruppe,1,5,3,2,0,0,0,0,0,0
12S05,Jahrgangsstufe 05,Regelklasse,1,5,5,0,0,0,0,0,0,0
12S05,Jahrgangsstufe 06,Regelklasse,1,7,6,1,0,0,0,0,0,0
12S05,Jahrgangsstufe 08,Regelklasse,1,9,5,4,0,0,0,0,0,0
12S05,Jahrgangsstufe 09,Regelklasse,1,11,9,2,1,1,0,1,1,0
12S05,Jahrgangsstufe 10,Regelklasse,2,30,27,3,5,5,0,5,5,0
12S05,Schulanfangsphase,Jahrgangsbezogene Lerngruppe,1,2,1,1,0,0,0,0,0,0
12S06,Abschlussstufe,Regelklasse,2,10,6,4,1,1,0,2,2,0
12S06,Jahrgangsstufe 03,Regelklasse,2,12,8,4,1,1,0,5,4,1
12S06,Jahrgangsstufe 04,Regelklasse,2,13,8,5,1,1,0,4,3,1
12S06,Jahrgangsstufe 05,Regelklasse,1,7,5,2,2,1,1,4,3,1
12S06,Jahrgangsstufe 06,Regelklasse,1,6,4,2,1,0,1,2,1,1
12S06,Jahrgangsstufe 07,Regelklasse,2,11,8,3,2,2,0,4,4,0
12S06,Jahrgangsstufe 08,Regelklasse,3,19,16,3,4,3,1,6,5,1
12S06,Jahrgangsstufe 10,Regelklasse,2,12,9,3,2,1,1,3,1,2
12S06,Mittelstufe,Regelklasse,1,5,3,2,0,0,0,3,1,2
12S06,Oberstufe,Regelklasse,3,17,8,9,7,4,3,9,5,4
12S06,Schulanfangsphase,Jahrgangsbezogene Lerngruppe,4,28,20,8,4,2,2,11,8,3
12Y01,1. Kurshalbjahr,Regelklasse (Kurshalbjahre),0,157,55,102,21,6,15,42,15,27
12Y01,3. Kurshalbjahr,Regelklasse (Kurshalbjahre),0,147,64,83,17,4,13,42,17,25
12Y01,Jahrgangsstufe 05,Regelklasse,2,53,22,31,1,1,0,25,9,16
12Y01,Jahrgangsstufe 06,Regelklasse,2,52,20,32,2,0,2,25,10,15
12Y01,Jahrgangsstufe 07,Regelklasse,5,141,56,85,11,6,5,64,32,32
12Y01,Jahrgangsstufe 08,Regelklasse,5,136,60,76,16,5,11,53,23,30
12Y01,Jahrgangsstufe 09,Regelklasse,5,135,57,78,16,5,11,64,28,36
12Y01,Jahrgangsstufe 10,Regelklasse,6,179,71,108,33,12,21,92,39,53
12Y02,1. Kurshalbjahr,Regelklasse (Kurshalbjahre),0,151,69,82,14,7,7,47,22,25
12Y02,3. Kurshalbjahr,Regelklasse (Kurshalbjahre),0,146,66,80,14,8,6,39,15,24
12Y02,Jahrgangsstufe 05,Altsprachlicher Bildungsgang,3,81,40,41,4,3,1,23,10,13
12Y02,Jahrgangsstufe 06,Altsprachlicher Bildungsgang,3,74,25,49,1,0,1,19,7,12
12Y02,Jahrgangsstufe 07,Altsprachlicher Bildungsgang,3,85,37,48,3,1,2,16,6,10
12Y02,Jahrgangsstufe 07,Regelklasse,3,95,42,53,10,5,5,36,18,18
12Y02,Jahrgangsstufe 08,Altsprachlicher Bildungsgang,3,88,28,60,4,3,1,10,3,7
12Y02,Jahrgangsstufe 08,Regelklasse,3,90,44,46,15,8,7,39,19,20
12Y02,Jahrgangsstufe 09,Altsprachlicher Bildungsgang,3,91,38,53,6,1,5,14,1,13
12Y02,Jahrgangsstufe 09,Regelklasse,3,87,39,48,9,5,4,24,10,14
12Y02,Jahrgangsstufe 10,Altsprachlicher Bildungsgang,3,87,42,45,1,1,0,7,4,3
12Y02,Jahrgangsstufe 10,Regelklasse,3,83,33,50,10,3,7,18,5,13
12Y03,1. Kurshalbjahr,Regelklasse (Kurshalbjahre),0,198,99,99,13,4,9,13,4,9
12Y03,3. Kurshalbjahr,Regelklasse (Kurshalbjahre),0,193,101,92,12,4,8,13,5,8
12Y03,Jahrgangsstufe 05,"Klasse ""achtjähriges Gymnasium""",3,79,38,41,5,2,3,0,0,0
12Y03,Jahrgangsstufe 06,"Klasse ""achtjähriges Gymnasium""",2,61,28,33,3,1,2,0,0,0
12Y03,Jahrgangsstufe 07,"Klasse ""achtjähriges Gymnasium""",2,55,25,30,2,1,1,0,0,0
12Y03,Jahrgangsstufe 07,Regelklasse,3,94,40,54,6,5,1,0,0,0
12Y03,Jahrgangsstufe 08,Regelklasse,3,98,48,50,14,5,9,0,0,0
12Y03,Jahrgangsstufe 09,"Klasse ""achtjähriges Gymnasium""",3,75,45,30,2,0,2,0,0,0
12Y03,Jahrgangsstufe 09,Regelklasse,3,93,61,32,6,2,4,0,0,0
12Y03,Jahrgangsstufe 10,"Klasse ""achtjähriges Gymnasium""",3,70,40,30,4,0,4,0,0,0
12Y03,Jahrgangsstufe 10,Regelklasse,3,94,51,43,5,1,4,0,0,0
12Y04,1. Kurshalbjahr,Regelklasse (Kurshalbjahre),0,167,66,101,14,5,9,29,10,19
12Y04,3. Kurshalbjahr,Regelklasse (Kurshalbjahre),0,119,57,62,7,2,5,7,3,4
12Y04,Jahrgangsstufe 07,Regelklasse,5,139,68,71,8,5,3,57,31,26
12Y04,Jahrgangsstufe 08,Regelklasse,6,187,82,105,5,3,2,38,16,22
12Y04,Jahrgangsstufe 09,Regelklasse,5,150,63,87,11,2,9,46,20,26
12Y04,Jahrgangsstufe 10,Regelklasse,6,151,62,89,8,1,7,34,17,17
12Y05,1. Kurshalbjahr,Regelklasse (Kurshalbjahre),0,128,66,62,1,0,1,0,0,0
12Y05,3. Kurshalbjahr,Regelklasse (Kurshalbjahre),0,126,63,63,2,0,2,0,0,0
12Y05,Jahrgangsstufe 07,Regelklasse,4,126,58,68,2,0,2,13,5,8
12Y05,Jahrgangsstufe 08,Regelklasse,6,191,96,95,5,4,1,1,1,0
12Y05,Jahrgangsstufe 09,Regelklasse,5,144,71,73,3,0,3,1,0,1
12Y05,Jahrgangsstufe 10,Regelklasse,6,168,83,85,4,2,2,1,1,0
12Y06,1. Kurshalbjahr,Regelklasse (Kurshalbjahre),0,84,39,45,0,0,0,0,0,0
12Y06,3. Kurshalbjahr,Regelklasse (Kurshalbjahre),0,43,21,22,2,0,2,2,0,2
12Y06,Jahrgangsstufe 07,Regelklasse,3,76,28,48,1,1,0,4,2,2
12Y06,Jahrgangsstufe 08,Regelklasse,3,97,31,66,3,1,2,1,1,0
12Y06,Jahrgangsstufe 09,Regelklasse,3,87,48,39,0,0,0,2,2,0
12Y06,Jahrgangsstufe 10,Regelklasse,4,97,44,53,13,6,7,12,5,7
12Y07,1. Kurshalbjahr,Regelklasse (Kurshalbjahre),0,204,90,114,6,0,6,13,2,11
12Y07,3. Kurshalbjahr,Regelklasse (Kurshalbjahre),0,125,54,71,7,3,4,13,6,7
12Y07,Jahrgangsstufe 05,Regelklasse,2,66,29,37,1,1,0,0,0,0
12Y07,Jahrgangsstufe 06,Regelklasse,2,62,24,38,0,0,0,0,0,0
12Y07,Jahrgangsstufe 07,Regelklasse,6,170,81,89,1,1,0,16,8,8
12Y07,Jahrgangsstufe 08,Regelklasse,6,193,89,104,2,1,1,17,10,7
12Y07,Jahrgangsstufe 09,Regelklasse,6,180,86,94,5,2,3,8,4,4
12Y07,Jahrgangsstufe 10,Regelklasse,7,198,84,114,5,2,3,7,3,4
12Y08,1. Kurshalbjahr,Regelklasse (Kurshalbjahre),0,142,65,77,14,7,7,56,26,30
12Y08,3. Kurshalbjahr,Regelklasse (Kurshalbjahre),0,127,66,61,8,5,3,53,25,28
12Y08,E-Phase,Gymnasiale Oberstufe gem. § 5 VO-GO,5,144,77,67,24,12,12,71,41,30
12Y08,Jahrgangsstufe 07,Regelklasse,4,121,52,69,12,4,8,77,32,45
12Y08,Jahrgangsstufe 08,Regelklasse,7,199,101,98,29,13,16,111,58,53
12Y08,Jahrgangsstufe 09,Regelklasse,5,126,61,65,13,9,4,69,34,35
12Y08,Jahrgangsstufe 10,Regelklasse,6,179,95,84,22,9,13,67,36,31
